0 0.3408026315789474 0.5578073770491803 0.3544347165991903 0.5444436475409835 0.3690303643724696 0.5594989754098361 0.37935779352226723 0.5600502049180328 0.38101012145748986 0.5901608606557377 0.3609063765182186 0.6531711065573771 0.3447955465587045 0.7368176229508197 0.3351568825910931 0.7468545081967213 0.3351568825910931 0.7306834016393443 0.34534665991902835 0.6420245901639344 0.3128496963562753 0.7139559426229508 0.3051386639676113 0.7128401639344262 0.31037145748987854 0.6832868852459016 0.33006224696356273 0.6280788934426229
0 0.42135576923076923 0.5828985655737705 0.41818876518218623 0.6060543032786886 0.41818876518218623 0.6060543032786886 0.412130060728745 0.6272428278688524 0.40607135627530366 0.6718514344262295 0.4011143724696356 0.7170184426229508 0.39340283400809717 0.7538196721311475 0.39216396761133604 0.7543760245901638 0.38748228744939267 0.7593944672131148 0.38238714574898786 0.7549354508196722 0.3931275303643725 0.7125573770491803 0.3931275303643725 0.6646024590163935 0.38761993927125504 0.6601424180327868 0.36503744939271254 0.7521475409836066 0.35870344129554654 0.7482438524590164 0.3677914979757085 0.6757551229508197 0.38128542510121455 0.585423155737705 0.37908248987854254 0.5748278688524591 0.3862429149797571 0.555311475409836 0.4104777327935223 0.5653493852459016 0.42149342105263155 0.5647909836065573
0 0.41929048582995954 0.6043811475409836 0.41929048582995954 0.6445297131147542 0.4162611336032389 0.7131147540983607 0.4162611336032389 0.7131147540983607 0.40772368421052635 0.7616270491803279 0.42259514170040485 0.7432254098360656 0.4347125506072874 0.6523360655737704 0.4382925101214575 0.6227827868852459 0.4447884615384616 0.6020297131147541 0.43994483805668017 0.5692520491803279 0.42865384615384616 0.5787315573770492 0.42314574898785423 0.574828893442623
0 0.44311234817813766 0.6126301229508196 0.4449281376518219 0.6406280737704918 0.4456265182186235 0.6731506147540983 0.4468836032388664 0.7257489754098361 0.44590587044534413 0.7398883196721311 0.4473026315789474 0.745827868852459 0.46057186234817815 0.720375 0.4640637651821862 0.6666434426229508 0.46587904858299595 0.6202694672131148 0.46643775303643725 0.593968237704918 0.46643775303643725 0.593968237704918 0.46140991902834005 0.5775665983606558 0.4505151821862348 0.5877469262295082 0.4436710526315789 0.5897284836065574 0.44422975708502027 0.6052827868852458
0 0.46511082995951414 0.5857622950819672 0.4751675101214575 0.5830819672131147 0.481871963562753 0.5867581967213116 0.4843861336032389 0.5941106557377049 0.4868997975708502 0.6558985655737706 0.48885526315789474 0.7161331967213115 0.47851973684210525 0.7752387295081967 0.46594888663967615 0.7130245901639345
0 0.4860622469635627 0.5743094262295082 0.4843162955465587 0.5833627049180328 0.4866907894736842 0.6008965163934427 0.48864574898785423 0.6133391393442623 0.4883663967611336 0.6385092213114754 0.49283603238866397 0.6916752049180328 0.4995404858299595 0.7210870901639344 0.5016356275303644 0.6376608606557377 0.5028927125506073 0.5986342213114755 0.5042894736842105 0.5737469262295082 0.5031720647773279 0.5661116803278688 0.49660728744939275 0.565828893442623 0.4866907894736842 0.5712018442622951
0 0.5045688259109312 0.5966536885245901 0.5108537449392713 0.5805348360655738 0.5231452429149797 0.5850594262295082 0.5255197368421052 0.6003309426229508 0.520631072874494 0.6297418032786886 0.5216088056680163 0.6928073770491803 0.5174185222672064 0.6964836065573771 0.5112727732793522 0.6713135245901639
0 0.5271958502024292 0.6041475409836066 0.5291513157894737 0.6165911885245902 0.5325030364372471 0.6858770491803279 0.5343188259109312 0.7237725409836065 0.5421406882591093 0.6737172131147541 0.5474483805668017 0.6030163934426229 0.5474483805668017 0.6030163934426229 0.54675 0.5829395491803279 0.5299893724696356 0.5832202868852459
0 0.5489848178137652 0.5820891393442623 0.5478674089068826 0.6225297131147541 0.5478674089068826 0.6960584016393442 0.55107995951417 0.7104815573770491 0.5616948380566802 0.6793729508196721 0.5658851214574899 0.5970778688524591 0.5650470647773279 0.580109631147541
0 0.5879827935222672 0.5707858606557377 0.5891103238866398 0.6050276639344262 0.5908011133603239 0.6386926229508197 0.5964372469635627 0.6889036885245902 0.6015096153846154 0.7305553278688525 0.6237722672064777 0.7767725409836066 0.6172904858299596 0.7185737704918033 0.6172904858299596 0.6409743852459017 0.620672064777328 0.5867694672131147 0.6113724696356275 0.5702223360655738
0 0.6187373481781376 0.6058709016393443 0.6260106275303644 0.6358719262295082 0.638580971659919 0.7129559426229508 0.6489964574898786 0.7464067622950821 0.6613876518218623 0.7525881147540983 0.6613876518218623 0.7525881147540983 0.654742914979757 0.6922305327868852 0.6498942307692308 0.6362356557377049 0.6484579959514171 0.602421106557377 0.6497145748987855 0.5795143442622951 0.629242914979757 0.5638790983606558 0.629242914979757 0.5638790983606558 0.6164929149797571 0.5766055327868853 0.6208026315789473 0.5878770491803279
0 0.6481882591093117 0.575157786885246 0.6573466599190283 0.5598862704918033 0.6569878542510121 0.5493422131147541 0.6688400809716599 0.5395245901639345 0.6844630566801619 0.5500686475409836 0.6957768218623482 0.5646127049180328 0.6984701417004048 0.5900655737704918 0.7018825910931175 0.6173350409836066 0.7130161943319838 0.6507868852459017 0.7216361336032389 0.6997868852459016 0.7194812753036437 0.7226936475409836 0.7099635627530364 0.7179661885245902 0.6902095141700405 0.6452469262295082 0.6835652834008097 0.6407848360655737 0.6772798582995951 0.6458719262295082 0.6885936234817814 0.738953893442623 0.6823081983805668 0.7462254098360656 0.6691988866396761 0.6945942622950819 0.6564488866396762 0.6251465163934427 0.6494453441295547 0.6196926229508197
0 0.6997272267206478 0.5933360655737705 0.7106816801619433 0.6107889344262295 0.7180207489878543 0.6202540983606558 0.7281872469635627 0.6550901639344263 0.7457834008097165 0.7140737704918033 0.7457834008097165 0.7140737704918033 0.7494984817813766 0.6994272540983606 0.7371811740890689 0.6250040983606557 0.7395273279352227 0.6129405737704918 0.7667034412955466 0.6576731557377049 0.7829311740890688 0.6849877049180327 0.7844949392712551 0.6715235655737706 0.7475430161943319 0.5717704918032787 0.735616902834008 0.5353514344262296 0.7234949392712551 0.5226834016393442 0.7102004048582996 0.5214959016393442 0.7051169028340081 0.5353514344262296 0.700619939271255 0.5373309426229508 0.6900622469635628 0.5440604508196721 0.6867388663967612 0.5507899590163935 0.6971007085020243 0.5701875000000001
0 0.7430465587044535 0.531984631147541 0.7659215587044534 0.596906762295082 0.7831265182186236 0.6285758196721312 0.7942707489878543 0.6527233606557377 0.7979853238866397 0.6444108606557377 0.7700273279352227 0.5691967213114754 0.7753061740890689 0.5446526639344262 0.7909468623481781 0.5719672131147541 0.8194919028340081 0.6099702868852459 0.8232064777327935 0.5984897540983606 0.7995495951417004 0.5458401639344262 0.7723734817813765 0.4923985655737705 0.7534084008097165 0.5145665983606558
0 0.5660384615384615 0.5851239754098361 0.5760571862348178 0.5733309426229508 0.5853765182186235 0.5738022540983606 0.5928319838056679 0.6719241803278688 0.5837454453441295 0.7247581967213115 0.5748922064777329 0.7620256147540984 0.564873987854251 0.6233350409836066
0 0.324665991902834 0.33142110655737705 0.33936082995951417 0.4294446721311475 0.3459301619433198 0.48545081967213116 0.34627580971659916 0.5197540983606557 0.33209969635627534 0.5246547131147541 0.3120460526315789 0.49525204918032784
0 0.3537095141700405 0.32443032786885245 0.37030617408906885 0.39933811475409836 0.3706518218623482 0.46864446721311476 0.37860425101214573 0.5029487704918033 0.37929554655870446 0.5316516393442623 0.3730718623481782 0.5330512295081967 0.36684868421052635 0.5533534836065573 0.3568213562753036 0.5372520491803278 0.34610323886639677 0.533751024590164 0.34748582995951416 0.5050481557377049 0.34679453441295544 0.42314036885245904
0 0.3770334008097166 0.5326004098360656 0.37784514170040484 0.5513360655737706 0.38563714574898783 0.5493637295081967 0.3968385627530365 0.5572530737704918 0.40657894736842104 0.5546229508196722 0.40479352226720644 0.5450911885245902 0.4138841093117409 0.5418043032786886 0.4138841093117409 0.501702868852459 0.3833643724696356 0.3307377049180328 0.37216295546558703 0.4499385245901639 0.37849443319838055 0.5002284836065574 0.37930617408906886 0.5334272540983607
0 0.40795900809716595 0.3468944672131148 0.4245177125506073 0.4277530737704918 0.4297125506072874 0.4655532786885246 0.43247216599190286 0.5112418032786885 0.43636842105263157 0.5309641393442623 0.43279706477732793 0.5496997950819672 0.42224493927125506 0.5621905737704918 0.4173744939271255 0.5625184426229508 0.4128289473684211 0.5562735655737705 0.4095824898785425 0.5444405737704918 0.4147773279352227 0.5411536885245902 0.414128036437247 0.49875204918032784 0.40877074898785426 0.47508606557377053
0 0.41907894736842105 0.34393545081967214 0.4403456477732794 0.389625 0.4481381578947368 0.44780430327868853 0.45187196356275305 0.49152049180327867 0.4562550607287449 0.5404959016393442 0.45008603238866396 0.5480563524590164 0.45008603238866396 0.5480563524590164 0.44943674089068825 0.5556157786885245 0.4411573886639676 0.561532786885246 0.4328780364372469 0.5598893442622951 0.43190384615384614 0.5529866803278689 0.4367742914979757 0.5303063524590164 0.43190384615384614 0.5036823770491803 0.4288193319838057 0.45437807377049183 0.4176179149797571 0.389296106557377
0 0.527168016194332 0.3655358606557377 0.5230172064777328 0.4871311475409836 0.5230172064777328 0.4871311475409836 0.5227403846153846 0.5101034836065573 0.5208031376518218 0.5308350409836066 0.5208031376518218 0.5308350409836066 0.5230172064777328 0.5521260245901639 0.5371300607287449 0.5594108606557378 0.5371300607287449 0.5594108606557378 0.5451553643724697 0.5515665983606557 0.5423881578947368 0.5039405737704918 0.5390673076923076 0.4187735655737705
0 0.5479225708502024 0.3562920081967213 0.5407277327935223 0.4221331967213115 0.5421113360323887 0.47200000000000003 0.5454321862348177 0.5526834016393443 0.5620359311740891 0.5526834016393443 0.5614822874493928 0.48712807377049183 0.5612054655870445 0.4316577868852459
0 0.7396953441295546 0.3336014344262295 0.7236452429149798 0.38795389344262293 0.7167267206477732 0.447906762295082 0.7081482793522267 0.4848872950819672 0.7081482793522267 0.4848872950819672 0.7098087044534414 0.49889446721311476 0.7222616396761135 0.5101004098360655 0.7388653846153846 0.5016956967213114 0.7477206477732794 0.4848872950819672 0.7424625506072875 0.4238135245901639 0.7416325910931174 0.3957981557377049
0 0.6948653846153846 0.32351639344262295 0.6732803643724696 0.4495881147540984 0.6680227732793522 0.4899293032786885 0.6713436234817814 0.5213063524590165 0.6782616396761133 0.5129016393442623 0.6896077935222672 0.5353145491803278 0.7003997975708502 0.5274702868852459 0.7111923076923077 0.5274702868852459 0.7158967611336032 0.5061782786885246 0.7100855263157895 0.5022561475409836 0.7081482793522267 0.48096516393442623
0 0.6458846153846154 0.25796516393442626 0.6350921052631578 0.31066700819672133 0.6339853238866398 0.3991946721311475 0.6323248987854251 0.4532325819672131 0.6242995951417004 0.49917725409836067 0.6262368421052631 0.5322356557377049 0.6373056680161944 0.5333565573770492 0.64920495951417 0.5423206967213114 0.6611047570850203 0.5389590163934426 0.6749407894736842 0.5350368852459016 0.6777079959514171 0.5227100409836066 0.670789979757085 0.5159866803278689 0.6674691295546559 0.4918934426229508 0.6738340080971661 0.4549139344262295 0.6682995951417003 0.4420266393442623 0.6564003036437247 0.3708678278688524 0.6533562753036437 0.2896239754098361
0 0.6135070850202429 0.3134313524590164 0.6060354251012147 0.46051639344262296 0.6029913967611336 0.48404918032786887 0.597456983805668 0.5137459016393443 0.6060354251012147 0.5344764344262295 0.615997975708502 0.5283135245901639 0.619871963562753 0.540640368852459 0.6306644736842105 0.5456834016393443 0.6326012145748988 0.5344764344262295 0.6256831983805667 0.5238309426229508 0.6242995951417004 0.5002981557377049 0.6303876518218623 0.46611987704918034 0.6337085020242915 0.42017418032786885