0 0.3456477732793522 0.39959016393442626 0.3390688259109312 0.4702868852459016 0.33046558704453444 0.5122950819672131 0.3319838056680162 0.5194672131147541 0.3309716599190283 0.5276639344262295 0.3491902834008097 0.5594262295081968 0.35779352226720645 0.5625 0.36082995951417 0.5604508196721312 0.3638663967611336 0.5440573770491803 0.3623481781376518 0.4805327868852459 0.36639676113360325 0.45491803278688525 0.3648785425101215 0.41598360655737704 0.35728744939271256 0.40061475409836067
0 0.375 0.4456967213114754 0.37449392712550605 0.47540983606557374 0.37601214574898784 0.48155737704918034 0.3724696356275304 0.48565573770491804 0.3684210526315789 0.5245901639344263 0.3623481781376518 0.5563524590163934 0.3623481781376518 0.569672131147541 0.3648785425101215 0.5809426229508197 0.3729757085020243 0.5901639344262295 0.3770242914979757 0.5860655737704918 0.38461538461538464 0.5942622950819673 0.3972672064777328 0.5932377049180327 0.39979757085020245 0.5911885245901639 0.40131578947368424 0.5809426229508197 0.40030364372469635 0.5122950819672131 0.4023279352226721 0.4989754098360656 0.40030364372469635 0.4887295081967213 0.4048582995951417 0.47950819672131145 0.4084008097165992 0.47848360655737704 0.409919028340081 0.4395491803278688 0.3775303643724696 0.4385245901639344
0 0.4068825910931174 0.5040983606557377 0.4023279352226721 0.5625 0.402834008097166 0.5881147540983607 0.41143724696356276 0.6034836065573771 0.42054655870445345 0.6065573770491803 0.423582995951417 0.6034836065573771 0.4276315789473684 0.5881147540983607 0.42813765182186236 0.5543032786885246 0.4367408906882591 0.4702868852459016 0.4347165991902834 0.4395491803278688 0.42864372469635625 0.4364754098360656 0.4139676113360324 0.4395491803278688
0 0.4569838056680162 0.4487704918032787 0.45445344129554655 0.48668032786885246 0.45445344129554655 0.6127049180327869 0.46204453441295545 0.6260245901639344 0.47874493927125505 0.6229508196721312 0.48279352226720645 0.6127049180327869 0.4832995951417004 0.5840163934426229 0.47520242914979755 0.47438524590163933 0.4716599190283401 0.45901639344262296 0.47469635627530365 0.44979508196721313 0.4660931174089069 0.4364754098360656 0.45951417004048584 0.4385245901639344
0 0.48947823886639674 0.43498155737704913 0.4868932186234818 0.4710420081967213 0.48574392712550607 0.5332745901639344 0.4853132591093118 0.5408340163934426 0.48431174089068824 0.5604508196721312 0.48279352226720645 0.6209016393442623 0.4868421052631579 0.632172131147541 0.5045546558704453 0.6342213114754098 0.507085020242915 0.6301229508196722 0.507085020242915 0.5901639344262295 0.49809564777327936 0.4454508196721311 0.4984817813765182 0.4364754098360656
0 0.5055668016194332 0.4426229508196721 0.5086032388663968 0.6342213114754098 0.5187246963562753 0.6413934426229508 0.5344129554655871 0.6383196721311475 0.5369433198380567 0.6331967213114754 0.5369433198380567 0.6086065573770492 0.5308704453441295 0.5543032786885246 0.5258097165991903 0.4610655737704918 0.5237854251012146 0.45081967213114754 0.5177125506072875 0.4395491803278688 0.5111336032388664 0.4375
0 0.5440283400809717 0.4887295081967213 0.5440283400809717 0.5525952868852458 0.5399797570850202 0.6055327868852459 0.5404858299595142 0.6383196721311475 0.5475708502024291 0.6424180327868853 0.5647773279352226 0.639344262295082 0.5688259109311741 0.6342213114754098 0.569331983805668 0.6065573770491803 0.5683198380566802 0.4774590163934426 0.5642712550607287 0.44979508196721313 0.5607287449392713 0.4456967213114754 0.5526315789473685 0.44979508196721313
0 0.5733805668016194 0.444672131147541 0.5703441295546559 0.46209016393442626 0.5723684210526315 0.6260245901639344 0.5754048582995951 0.632172131147541 0.5921052631578947 0.6311475409836066 0.597165991902834 0.6219262295081968 0.5981781376518218 0.6075819672131147 0.5936234817813765 0.5327868852459017 0.5956477732793523 0.4979508196721312 0.5941295546558705 0.45491803278688525 0.5921052631578947 0.4395491803278688 0.583502024291498 0.41290983606557374 0.5794534412955465 0.4149590163934426
0 0.5991902834008097 0.47848360655737704 0.5986842105263158 0.5379098360655737 0.6012145748987854 0.5614754098360656 0.6002024291497976 0.6004098360655737 0.6022267206477733 0.610655737704918 0.6067813765182186 0.617827868852459 0.6194331983805668 0.6209016393442623 0.6270242914979757 0.610655737704918 0.6290485829959515 0.5840163934426229 0.617914979757085 0.4426229508196721 0.6143724696356275 0.4098360655737705 0.6108299595141701 0.40061475409836067 0.6072874493927125 0.4016393442622951 0.6032388663967612 0.4098360655737705 0.6017206477732794 0.4395491803278688
0 0.6690283400809717 0.5010245901639344 0.6700404858299596 0.5204918032786885 0.6675101214574899 0.5543032786885246 0.6690283400809717 0.5747950819672131 0.6725708502024291 0.5870901639344263 0.6852226720647774 0.6004098360655737 0.7090080971659919 0.5891393442622951 0.7135627530364372 0.5676229508196722 0.7100202429149798 0.5420081967213115 0.694838056680162 0.47848360655737704 0.6892712550607287 0.4702868852459016 0.6857287449392713 0.45389344262295084 0.6756072874493927 0.4415983606557377 0.6720647773279352 0.44672131147540983
0 0.6654205465587045 0.3928268442622951 0.65709008097166 0.4230706967213114 0.6527813765182185 0.47192622950819674 0.6519195344129555 0.5015881147540984 0.649334008097166 0.5359036885245902 0.6461745951417004 0.5632397540983607 0.6496214574898785 0.5835963114754099 0.6631224696356275 0.5905747950819672 0.67173987854251 0.585922131147541 0.6680055668016195 0.5626577868852459 0.6694418016194332 0.5469538934426229 0.6677186234817813 0.5283422131147542 0.668293016194332 0.45098770491803275
0 0.715080971659919 0.548155737704918 0.7145748987854251 0.5604508196721312 0.7186234817813765 0.576844262295082 0.7383603238866396 0.6075819672131147 0.7540485829959515 0.6444672131147541 0.7555668016194332 0.6526639344262295 0.771255060728745 0.6813524590163934 0.777834008097166 0.6772540983606558 0.7680197368421052 0.6242202868852459 0.7935222672064778 0.6516393442622951 0.798582995951417 0.6495901639344263 0.7859311740890689 0.610655737704918 0.7687246963562753 0.5706967213114754 0.7601214574898786 0.5338114754098361 0.7550607287449392 0.5215163934426229 0.7484817813765182 0.514344262295082 0.7424089068825911 0.5133196721311475 0.7282388663967612 0.5348360655737705 0.7165991902834008 0.5420081967213115
0 0.6376518218623481 0.6147540983606558 0.6366396761133604 0.6209016393442623 0.638663967611336 0.6301229508196722 0.6543522267206477 0.6639344262295082 0.6619433198380567 0.6752049180327869 0.6771108299595142 0.7440174180327869 0.6903294534412955 0.7601700819672131 0.6941401821862349 0.7625809426229508 0.6944974696356275 0.7608954918032788 0.6856852226720648 0.6996526639344263 0.6809215587044535 0.6827745901639345 0.6811740890688259 0.6772540983606558 0.6776315789473685 0.6588114754098361 0.6629554655870445 0.5952868852459017 0.6497975708502024 0.5952868852459017 0.6422064777327935 0.6024590163934426 0.6406882591093117 0.6116803278688525
0 0.6148785425101214 0.639344262295082 0.6153846153846154 0.6536885245901639 0.625 0.6711065573770492 0.6512368421052632 0.7758329918032787 0.6645273279352226 0.7780758196721312 0.646255060728745 0.6465163934426229 0.6396761133603239 0.6168032786885246 0.6265182186234818 0.6157786885245902
0 0.5922849190283401 0.6458709016393442 0.5914974696356275 0.6599026639344263 0.5924423076923077 0.6799938524590163 0.6048851214574898 0.7456875000000001 0.6066174089068825 0.7527028688524591 0.6255060728744939 0.7909836065573771 0.6381578947368421 0.7879098360655737 0.6376786437246964 0.7825379098360655 0.636285931174089 0.7792838114754098 0.6333932186234817 0.7684385245901639 0.6301796558704453 0.7526045081967213 0.629001012145749 0.7434948770491803 0.6214574898785425 0.6967213114754098 0.6153846153846154 0.6506147540983607 0.6118421052631579 0.6424180327868853 0.6032388663967612 0.6383196721311475
0 0.5470647773279352 0.6752049180327869 0.5495951417004049 0.7151639344262295 0.5642712550607287 0.7438524590163934 0.5718623481781376 0.7438524590163934 0.5743927125506073 0.7274590163934426 0.5683198380566802 0.6721311475409836 0.5642712550607287 0.6690573770491803
0 0.5668016194331984 0.6424180327868853 0.5662955465587044 0.6659836065573771 0.5738866396761133 0.7213114754098361 0.5814777327935222 0.735655737704918 0.5860323886639676 0.7510245901639344 0.59665991902834 0.7592213114754098 0.5961538461538461 0.7561475409836066 0.6017206477732794 0.7469262295081968 0.6017206477732794 0.7418032786885246 0.5910931174089069 0.6793032786885246 0.5885627530364372 0.6516393442622951 0.5754048582995951 0.6413934426229508
0 0.5167004048582996 0.6752049180327869 0.5156882591093117 0.7079918032786885 0.5209367408906883 0.7455256147540984 0.5303866396761134 0.745845286885246 0.5404858299595142 0.7161885245901639 0.5445344129554656 0.6772540983606558 0.5425101214574899 0.673155737704918 0.5398365384615386 0.6661198770491804 0.5328947368421053 0.6690573770491803 0.5204640688259109 0.6642059426229509
0 0.4939271255060729 0.6721311475409836 0.4934210526315789 0.7233606557377049 0.49544534412955465 0.735655737704918 0.49636639676113364 0.7515850409836066 0.5014063765182186 0.7509467213114754 0.5056589068825911 0.7538176229508197 0.5081791497975708 0.7381915983606557 0.5096153846153846 0.7295081967213115 0.5141700404858299 0.7079918032786885 0.5161943319838057 0.6690573770491803 0.516998987854251 0.66325 0.5160541497975708 0.6530450819672131 0.5053441295546558 0.6546393442622951 0.49557894736842106 0.6527254098360655 0.49416143724696354 0.6622930327868852
0 0.46710526315789475 0.6659836065573771 0.4645748987854251 0.7254098360655737 0.46392105263157896 0.7350040983606557 0.4473830971659919 0.7786926229508196 0.44714726720647774 0.8102571721311476 0.4617945344129554 0.8112131147540984 0.47116599190283404 0.7860276639344262 0.4883335020242915 0.7471219262295082 0.49139676113360325 0.7192622950819673 0.4944331983805668 0.6608606557377049 0.4898785425101215 0.6495901639344263 0.4706477732793522 0.6495901639344263
0 0.4342105263157895 0.7028688524590164 0.43068825910931174 0.7206516393442622 0.4251756072874494 0.7448883196721311 0.42438815789473683 0.7726321721311475 0.4376184210526316 0.7662540983606557 0.44483805668016196 0.735655737704918 0.4640688259109312 0.6690573770491803 0.4681174089068826 0.6618852459016393 0.46963562753036436 0.6485655737704918 0.4676113360323887 0.639344262295082 0.45445344129554655 0.6260245901639344 0.444331983805668 0.6290983606557377 0.44129554655870445 0.6372950819672131 0.4407894736842105 0.6608606557377049
0 0.3152834008097166 0.6342213114754098 0.3142712550607287 0.6424180327868853 0.31781376518218624 0.6506147540983607 0.326417004048583 0.6526639344262295 0.3319838056680162 0.6485655737704918 0.34210526315789475 0.6362704918032787 0.3532388663967611 0.6127049180327869 0.35526315789473684 0.6014344262295082 0.35374493927125505 0.5983606557377049 0.33704453441295545 0.5963114754098361
0 0.28643724696356276 0.5133196721311475 0.25782894736842105 0.5791926229508197 0.26098178137651823 0.5973637295081967 0.2874195344129555 0.5600399590163935 0.2823259109311741 0.5998196721311475 0.2687434210526316 0.614061475409836 0.27165384615384613 0.6361608606557377 0.29154301619433204 0.6116055327868852 0.30516194331983804 0.5686475409836066 0.3132591093117409 0.5543032786885246 0.32135627530364375 0.548155737704918 0.3284412955465587 0.5368852459016393 0.3309716599190283 0.5194672131147541 0.3299595141700405 0.5081967213114754 0.3107287449392713 0.48258196721311475 0.3026315789473684 0.4764344262295082 0.2935222672064777 0.48770491803278687
0 0.30111336032388664 0.610655737704918 0.3021255060728745 0.6270491803278688 0.31070445344129555 0.6287940573770492 0.3240445344129555 0.6170071721311475 0.3356867408906883 0.5963811475409836 0.3259109311740891 0.5686475409836066 0.31224696356275305 0.5901639344262295 0.3107287449392713 0.5983606557377049