0 0.2651821862348178 0.44672131147540983 0.26417004048583 0.4661885245901639 0.2773279352226721 0.4989754098360656 0.2950404858299595 0.5061475409836066 0.3016194331983806 0.4969262295081967 0.31376518218623484 0.4016393442622951 0.3132591093117409 0.3739754098360656 0.3081983805668016 0.3452868852459016 0.29959514170040485 0.34938524590163933
0 0.3026315789473684 0.48975409836065575 0.3021255060728745 0.4979508196721312 0.30718623481781376 0.5153688524590164 0.31629554655870445 0.5225409836065574 0.3259109311740891 0.5399590163934426 0.3324898785425101 0.5399590163934426 0.33805668016194335 0.5338114754098361 0.3415991902834008 0.5092213114754098 0.3426113360323887 0.45389344262295084 0.3522267206477733 0.38831967213114754 0.35020242914979755 0.3729508196721312 0.34463562753036436 0.35450819672131145 0.3259109311740891 0.33811475409836067 0.32135627530364375 0.3411885245901639 0.3168016194331984 0.39139344262295084 0.3168016194331984 0.43135245901639346 0.3041497975708502 0.4774590163934426
0 0.3426113360323887 0.492827868852459 0.3415991902834008 0.514344262295082 0.3436234817813765 0.5286885245901639 0.3491902834008097 0.5409836065573771 0.35779352226720645 0.5430327868852459 0.3689271255060729 0.5532786885245902 0.375 0.5522540983606558 0.37955465587044535 0.5450819672131147 0.3825910931174089 0.5327868852459017 0.38309716599190285 0.5174180327868853 0.3790485829959514 0.4723360655737705 0.3815789473684211 0.4385245901639344 0.3805668016194332 0.42315573770491804 0.3770242914979757 0.41188524590163933 0.35728744939271256 0.4139344262295082 0.3532388663967611 0.41905737704918034 0.3547570850202429 0.4364754098360656 0.3527327935222672 0.45389344262295084
0 0.3901821862348178 0.4077868852459016 0.38309716599190285 0.5491803278688525 0.3851214574898785 0.5594262295081968 0.3972672064777328 0.5686475409836066 0.4063765182186235 0.5563524590163934 0.41194331983805665 0.5440573770491803 0.4124493927125506 0.5368852459016393 0.4008097165991903 0.42213114754098363 0.3967611336032389 0.4067622950819672
0 0.4073886639676113 0.3801229508196721 0.40536437246963564 0.4180327868852459 0.4104251012145749 0.45799180327868855 0.41295546558704455 0.5225409836065574 0.4104251012145749 0.5686475409836066 0.4159919028340081 0.5809426229508197 0.42105263157894735 0.5850409836065574 0.4418016194331984 0.5563524590163934 0.4433198380566802 0.5327868852459017 0.4357287449392713 0.4661885245901639 0.43016194331983804 0.4354508196721312 0.42459514170040485 0.41905737704918034 0.4215587044534413 0.39139344262295084 0.41548582995951416 0.3729508196721312
0 0.44281376518218624 0.4180327868852459 0.4357287449392713 0.5788934426229508 0.4402834008097166 0.5993852459016393 0.4483805668016194 0.6065573770491803 0.4605263157894737 0.5891393442622951 0.4640688259109312 0.5706967213114754 0.45951417004048584 0.4651639344262295 0.45445344129554655 0.4036885245901639 0.4509109311740891 0.38729508196721313 0.44686234817813764 0.39549180327868855
0 0.4665991902834008 0.4385245901639344 0.46558704453441296 0.5860655737704918 0.4701417004048583 0.6024590163934426 0.4832995951417004 0.610655737704918 0.4908906882591093 0.5952868852459017 0.4848178137651822 0.4774590163934426 0.4807692307692308 0.4385245901639344 0.47469635627530365 0.4077868852459016 0.4681174089068826 0.4077868852459016
0 0.49139676113360325 0.44979508196721313 0.4908906882591093 0.5717213114754098 0.49291497975708504 0.6024590163934426 0.5050607287449392 0.6168032786885246 0.5131578947368421 0.6198770491803278 0.5222672064777328 0.610655737704918 0.5237854251012146 0.5911885245901639 0.5111336032388664 0.4426229508196721 0.5075910931174089 0.4108606557377049 0.5015182186234818 0.3862704918032787 0.4974696356275304 0.3862704918032787 0.4944331983805668 0.4036885245901639
0 0.5247975708502024 0.4426229508196721 0.5253036437246964 0.610655737704918 0.5288461538461539 0.6157786885245902 0.534919028340081 0.6157786885245902 0.5490890688259109 0.6075819672131147 0.5541497975708503 0.5983606557377049 0.5561740890688259 0.5870901639344263 0.5404858299595142 0.3780737704918033 0.5323886639676113 0.3780737704918033 0.52834008097166 0.38524590163934425
0 0.5465587044534413 0.4077868852459016 0.5450404858299596 0.42315573770491804 0.5561740890688259 0.5809426229508197 0.5602226720647774 0.5911885245901639 0.5718623481781376 0.5922131147540983 0.5794534412955465 0.5819672131147541 0.5840080971659919 0.5676229508196722 0.5824898785425101 0.5420081967213115 0.5789473684210527 0.5307377049180327 0.5754048582995951 0.5040983606557377 0.5718623481781376 0.4334016393442623 0.5566801619433198 0.3801229508196721 0.5511133603238867 0.38114754098360654
0 0.5799595141700404 0.3975409836065574 0.5814777327935222 0.4180327868852459 0.5784412955465587 0.5266393442622951 0.5855263157894737 0.5614754098360656 0.5936234817813765 0.5737704918032787 0.603744939271255 0.5758196721311475 0.6163967611336032 0.5327868852459017 0.6123481781376519 0.5235655737704918 0.6077935222672065 0.4969262295081967 0.604757085020243 0.4395491803278688 0.6062753036437247 0.43135245901639346 0.6022267206477733 0.3729508196721312 0.5956477732793523 0.33401639344262296 0.5885627530364372 0.3176229508196721 0.583502024291498 0.319672131147541 0.5819838056680162 0.32581967213114754 0.582995951417004 0.3497264344262295
0 0.5976720647773279 0.4948770491803279 0.597165991902834 0.5051229508196722 0.6012145748987854 0.5297131147540983 0.6098178137651822 0.5389344262295082 0.6199392712550608 0.5420081967213115 0.6290485829959515 0.5563524590163934 0.6376518218623481 0.555327868852459 0.6467611336032388 0.5368852459016393 0.6482793522267206 0.5133196721311475 0.6391700404858299 0.4293032786885246 0.638663967611336 0.36065573770491804 0.6305668016194332 0.32786885245901637 0.6224696356275303 0.33094262295081966 0.6108299595141701 0.3801229508196721 0.6118421052631579 0.38729508196721313
0 0.6422064777327935 0.32581967213114754 0.6366396761133604 0.5051229508196722 0.6391700404858299 0.5153688524590164 0.659919028340081 0.5379098360655737 0.666497975708502 0.5389344262295082 0.6791497975708503 0.5184426229508197 0.6730769230769231 0.38831967213114754 0.6695344129554656 0.36577868852459017 0.646255060728745 0.3206967213114754
0 0.6761133603238867 0.32479508196721313 0.6730769230769231 0.4692622950819672 0.6751012145748988 0.5010245901639344 0.6826923076923077 0.5163934426229508 0.6928137651821862 0.5215163934426229 0.7181174089068826 0.5102459016393442 0.7231781376518218 0.5010245901639344 0.7257085020242915 0.47540983606557374 0.7049595141700404 0.33299180327868855 0.7004048582995951 0.3155737704918033 0.6953441295546559 0.3114754098360656 0.6796558704453441 0.3104508196721312
0 0.7191295546558705 0.36168032786885246 0.7262145748987854 0.5040983606557377 0.7388663967611336 0.5245901639344263 0.7479757085020243 0.5235655737704918 0.7656882591093117 0.5030737704918032 0.7692307692307693 0.48565573770491804 0.7510121457489879 0.35655737704918034 0.7439271255060729 0.3411885245901639 0.7282388663967612 0.33299180327868855
0 0.3745885627530364 0.6584108606557377 0.37917864372469634 0.6720809426229508 0.37674848178137654 0.6879395491803278 0.37215840080971657 0.702156762295082 0.36891801619433195 0.714733606557377 0.3651376518218623 0.7245768442622951 0.361087044534413 0.7355133196721312 0.3581169028340081 0.7464497950819672 0.35703694331983804 0.7573862704918032 0.3597373481781377 0.7655881147540984 0.36324746963562754 0.7601198770491803 0.3686477732793522 0.7535584016393442 0.37512854251012145 0.7398872950819672 0.37917864372469634 0.7267643442622951 0.3813390688259109 0.7158268442622951 0.38376923076923075 0.6955952868852459 0.3905197368421053 0.6709877049180328 0.39322014170040487 0.6633319672131148 0.39862044534412955 0.6523954918032787 0.40051062753036437 0.6458329918032787 0.4029407894736842 0.6348965163934426 0.4053709514170041 0.6239600409836066 0.4075308704453441 0.6119303278688525 0.40915131578947367 0.6037274590163935 0.4094210526315789 0.5971659836065574 0.4088810728744939 0.5933381147540984 0.40672115384615387 0.5889631147540983 0.40483097165991905 0.5889631147540983 0.40132034412955464 0.5889631147540983 0.3967302631578947 0.5862295081967213 0.39213967611336037 0.5829487704918033 0.38997975708502025 0.5780266393442622 0.38727935222672066 0.5736526639344263 0.3845789473684211 0.5703709016393442 0.382959008097166 0.5692776639344262 0.3783684210526316 0.5725584016393442 0.3729681174089069 0.5791209016393443 0.3681077935222672 0.5856823770491804 0.3640576923076923 0.5922448770491803 0.3608173076923077 0.6086495901639345 0.3608173076923077 0.6179456967213115 0.3608173076923077 0.6288821721311475 0.3594671052631579 0.6425522540983606 0.35433653846153845 0.6573165983606558 0.35028643724696357 0.6693473360655738 0.3467763157894737 0.6830174180327869 0.34407591093117407 0.6928606557377048 0.3402955465587044 0.7043442622950821 0.33786538461538457 0.7130932377049181 0.33570495951417 0.7251229508196722 0.333005060728745 0.7404344262295082 0.3316548582995952 0.7541055327868852 0.334085020242915 0.7557459016393442 0.34380566801619433 0.7508247950819672 0.3500161943319838 0.7371536885245902 0.35406680161943316 0.7202018442622952 0.35919686234817816 0.702156762295082 0.3621675101214575 0.6912202868852458 0.36378744939271257 0.6824713114754098 0.3672975708502024 0.6726280737704918 0.3697277327935223 0.6655194672131148 0.37188815789473684 0.6595040983606558
0 0.39322014170040487 0.7573862704918032 0.40132034412955464 0.6977817622950819 0.4088810728744939 0.6496608606557377 0.40996103238866394 0.6223196721311476 0.4140116396761134 0.6075553278688525 0.4204919028340081 0.6020870901639344 0.431832995951417 0.6070092213114754 0.43804352226720644 0.6130235655737706 0.4391234817813765 0.6228668032786885 0.44020394736842106 0.6463801229508196 0.43129301619433197 0.6704405737704918 0.4258927125506073 0.6912202868852458 0.41671204453441296 0.7191086065573771 0.40780111336032393 0.7404344262295082 0.40024038461538464 0.7546516393442623 0.39213967611336037 0.7590266393442623
0 0.4367408906882591 0.6342213114754098 0.4266194331983806 0.7510245901639344 0.4276315789473684 0.7612704918032787 0.43370445344129555 0.764344262295082 0.4433198380566802 0.7510245901639344 0.4645748987854251 0.6629098360655737 0.46356275303643724 0.6506147540983607 0.4549595141700405 0.6290983606557377 0.44281376518218624 0.6270491803278688
0 0.46305668016194335 0.7049180327868853 0.4625506072874494 0.7715163934426229 0.46710526315789475 0.7766393442622951 0.4853238866396761 0.7243852459016393 0.4908906882591093 0.6711065573770492 0.4898785425101215 0.6413934426229508 0.4797570850202429 0.6383196721311475 0.4676113360323887 0.6506147540983607 0.4640688259109312 0.673155737704918
0 0.49139676113360325 0.6536885245901639 0.49038461538461536 0.7387295081967213 0.4939271255060729 0.7438524590163934 0.49949392712550605 0.735655737704918 0.5091093117408907 0.7049180327868853 0.5126518218623481 0.6495901639344263 0.5091093117408907 0.6383196721311475 0.49696356275303644 0.6383196721311475 0.49190283400809715 0.6424180327868853
0 0.5121457489878543 0.6670081967213115 0.5101214574898786 0.7397540983606558 0.513663967611336 0.7469262295081968 0.5222672064777328 0.7387295081967213 0.5258097165991903 0.7233606557377049 0.5308704453441295 0.6875 0.5308704453441295 0.6526639344262295 0.5293522267206477 0.6485655737704918 0.5151821862348178 0.6475409836065574
0 0.5293522267206477 0.6547131147540983 0.5273279352226721 0.7131147540983607 0.5288461538461539 0.7510245901639344 0.5404858299595142 0.7551229508196722 0.548582995951417 0.6997950819672131 0.5490890688259109 0.6362704918032787 0.5450404858299596 0.632172131147541 0.5389676113360324 0.6342213114754098 0.5303643724696356 0.6475409836065574
0 0.5506072874493927 0.6403688524590164 0.5521255060728745 0.7120901639344263 0.5566801619433198 0.7284836065573771 0.569838056680162 0.7274590163934426 0.5738866396761133 0.7192622950819673 0.5779352226720648 0.6752049180327869 0.5769230769230769 0.6260245901639344 0.5738866396761133 0.617827868852459 0.5632591093117408 0.6157786885245902
0 0.5759109311740891 0.6219262295081968 0.5759109311740891 0.6424180327868853 0.5915991902834008 0.7315573770491803 0.6022267206477733 0.7448770491803278 0.6128542510121457 0.7418032786885246 0.6158906882591093 0.7284836065573771 0.6163967611336032 0.6485655737704918 0.6072874493927125 0.610655737704918 0.603744939271255 0.6055327868852459 0.5926113360323887 0.6065573770491803 0.5789473684210527 0.6137295081967213
0 0.6062753036437247 0.5911885245901639 0.6002024291497976 0.6065573770491803 0.6295546558704453 0.6977459016393442 0.6376518218623481 0.7100409836065574 0.6589068825910931 0.7161885245901639 0.6594129554655871 0.7008196721311475 0.6467611336032388 0.6188524590163934 0.6391700404858299 0.5922131147540983 0.6361336032388664 0.5870901639344263 0.6290485829959515 0.5860655737704918
0 0.6618922064777327 0.648641393442623 0.6684402834008097 0.6726270491803279 0.6784306680161943 0.7048903688524589 0.6884215587044534 0.7393401639344263 0.6962525303643725 0.7469959016393443 0.6935521255060729 0.713092213114754 0.6843714574898785 0.6846577868852459 0.6814013157894737 0.6573165983606558 0.6832914979757085 0.6469262295081967 0.6903117408906883 0.6540348360655738 0.7048932186234818 0.689031762295082 0.7165040485829959 0.711998975409836 0.7221745951417005 0.7163729508196721 0.7256847165991903 0.705436475409836 0.7202844129554655 0.685203893442623 0.7065131578947368 0.6491137295081967 0.7000328947368422 0.6201321721311476 0.6984124493927126 0.5955245901639344 0.6965222672064777 0.5747448770491803 0.6938223684210526 0.5577940573770492 0.6873415991902834 0.5577940573770492 0.6830212550607287 0.5512315573770491 0.6768107287449392 0.5452161885245901 0.6700602226720648 0.5474036885245901 0.6654696356275304 0.5501383196721311 0.6560192307692309 0.5616219262295082 0.6476482793522267 0.5627151639344262 0.641707995951417 0.5654487704918033 0.6379276315789474 0.5703709016393442 0.6363071862348179 0.5824006147540983 0.6373876518218624 0.5906034836065573 0.6411680161943321 0.6015399590163933 0.6452181174089069 0.6135696721311475 0.6514286437246963 0.6261465163934427 0.6538588056680162 0.6332561475409836 0.6565592105263158 0.6403647540983607 0.6611492914979757 0.6480204918032787
0 0.30313765182186236 0.6188524590163934 0.30111336032388664 0.6260245901639344 0.3021255060728745 0.6465163934426229 0.3061740890688259 0.6536885245901639 0.32186234817813764 0.6618852459016393 0.34210526315789475 0.6444672131147541 0.34463562753036436 0.6383196721311475 0.3567813765182186 0.6270491803278688 0.36133603238866396 0.617827868852459 0.3618421052631579 0.5952868852459017 0.3491902834008097 0.5952868852459017 0.3395748987854251 0.6024590163934426 0.3223684210526316 0.5829918032786885 0.319331983805668 0.5829918032786885 0.3066801619433198 0.6065573770491803