0 0.562753036437247 0.5522540983606558 0.5632591093117408 0.5788934426229508 0.5678137651821862 0.6055327868852459 0.569838056680162 0.6700819672131147 0.5754048582995951 0.7120901639344263 0.5799595141700404 0.7254098360655737 0.5880566801619433 0.673155737704918 0.5870445344129555 0.6413934426229508 0.583502024291498 0.6219262295081968 0.5845141700404858 0.5594262295081968 0.582995951417004 0.548155737704918 0.5804655870445344 0.5461065573770492 0.5673076923076923 0.5471311475409836
0 0.5850202429149798 0.5461065573770492 0.5845141700404858 0.5604508196721312 0.590080971659919 0.6086065573770492 0.5910931174089069 0.6577868852459017 0.6017206477732794 0.7038934426229508 0.6067813765182186 0.7110655737704918 0.6108299595141701 0.7110655737704918 0.6133603238866396 0.694672131147541 0.6138663967611336 0.6485655737704918 0.6093117408906883 0.6075819672131147 0.6093117408906883 0.5758196721311475 0.6027327935222672 0.5440573770491803 0.5921052631578947 0.5379098360655737
0 0.6062753036437247 0.5461065573770492 0.6057692307692307 0.5594262295081968 0.6103238866396761 0.5819672131147541 0.6234817813765182 0.6967213114754098 0.6346153846153846 0.7284836065573771 0.6417004048582996 0.7274590163934426 0.6361336032388664 0.5747950819672131 0.6325910931174089 0.5379098360655737 0.6310728744939271 0.5317622950819673 0.6189271255060729 0.5307377049180327
0 0.639426113360324 0.5791618852459016 0.6384574898785426 0.597109631147541 0.6401184210526316 0.6666075819672131 0.6428861336032389 0.7187315573770492 0.6511907894736841 0.7237756147540984 0.6520212550607287 0.6553985655737705 0.6564498987854251 0.6223309426229509 0.6694600202429151 0.7019170081967213 0.6844073886639676 0.7142469262295082 0.6755495951417004 0.5881424180327869 0.6830232793522267 0.5315358606557377 0.6672454453441296 0.5348985655737706 0.6486993927125506 0.5270522540983607 0.6312606275303644 0.5085563524590164 0.6315374493927125 0.528733606557377
0 0.715080971659919 0.5626926229508197 0.7165991902834008 0.5780614754098361 0.7231781376518218 0.5903565573770492 0.7419028340080972 0.6036762295081967 0.7732793522267206 0.6446598360655738 0.7808704453441295 0.6446598360655738 0.7904858299595142 0.6354385245901639 0.795546052631579 0.615326844262295 0.7684185222672064 0.5828196721311475 0.7800445344129554 0.5816987704918033 0.7938851214574899 0.6001946721311475 0.8036437246963563 0.5965040983606558 0.805668016194332 0.5862581967213114 0.8036437246963563 0.5708893442622951 0.7913937246963563 0.5519938524590163 0.7800445344129554 0.5441475409836065 0.7664473684210527 0.5263196721311475 0.756578947368421 0.5053155737704917 0.7489878542510121 0.4991680327868852 0.7322874493927125 0.5083893442622951 0.7252024291497976 0.5278565573770492 0.7211538461538461 0.5524467213114754
0 0.6882591093117408 0.5809426229508197 0.6892712550607287 0.6065573770491803 0.7049595141700404 0.6762295081967213 0.7090080971659919 0.6895491803278688 0.7165991902834008 0.6895491803278688 0.7176113360323887 0.6762295081967213 0.7069838056680162 0.6157786885245902 0.7059716599190283 0.5973360655737705 0.6912955465587044 0.5799180327868853
0 0.708502024291498 0.5942622950819673 0.7090080971659919 0.6055327868852459 0.7302631578947368 0.6577868852459017 0.7322874493927125 0.6598360655737705 0.7378542510121457 0.6536885245901639 0.7378542510121457 0.639344262295082 0.7307692307692307 0.6209016393442623 0.7272267206477733 0.5993852459016393 0.7241902834008097 0.5942622950819673
0 0.5430161943319838 0.5635245901639344 0.5430161943319838 0.5922131147540983 0.5460526315789473 0.6096311475409836 0.5480769230769231 0.6618852459016393 0.5526315789473685 0.7059426229508197 0.5566801619433198 0.7069672131147541 0.5612348178137652 0.6997950819672131 0.5647773279352226 0.6844262295081968 0.5612348178137652 0.5625 0.5581983805668016 0.5502049180327869 0.5516194331983806 0.5491803278688525 0.5470647773279352 0.5512295081967213
0 0.5197368421052632 0.5471311475409836 0.5227732793522267 0.6936475409836066 0.5253036437246964 0.7028688524590164 0.5328947368421053 0.7110655737704918 0.5389676113360324 0.6741803278688525 0.5384615384615384 0.5563524590163934 0.5293522267206477 0.5409836065573771
0 0.4979757085020243 0.5706967213114754 0.5 0.6086065573770492 0.4974696356275304 0.6331967213114754 0.4974696356275304 0.6711065573770492 0.5020242914979757 0.6956967213114754 0.5060728744939271 0.7038934426229508 0.5106275303643725 0.7038934426229508 0.5146761133603239 0.6967213114754098 0.5177125506072875 0.6772540983606558 0.5187246963562753 0.548155737704918 0.5141700404858299 0.5420081967213115 0.5010121457489879 0.548155737704918
0 0.4731781376518219 0.5952868852459017 0.4716599190283401 0.7161885245901639 0.48582995951417 0.7264344262295082 0.4939271255060729 0.6915983606557377 0.4949392712550607 0.5993852459016393 0.4979757085020243 0.5604508196721312 0.4964574898785425 0.5450819672131147 0.4908906882591093 0.5348360655737705 0.4853238866396761 0.5338114754098361 0.4772267206477733 0.5440573770491803 0.4777327935222672 0.5645491803278688
0 0.4493927125506073 0.5737704918032787 0.4509109311740891 0.6270491803278688 0.44888663967611336 0.6977459016393442 0.4498987854251012 0.7284836065573771 0.4519230769230769 0.7438524590163934 0.4549595141700405 0.7479508196721312 0.4610323886639676 0.7284836065573771 0.4681174089068826 0.6752049180327869 0.46963562753036436 0.6260245901639344 0.47874493927125505 0.5635245901639344 0.47874493927125505 0.5461065573770492 0.46356275303643724 0.5317622950819673 0.45799595141700405 0.5327868852459017
0 0.39068825910931176 0.6752049180327869 0.3896761133603239 0.6977459016393442 0.3942307692307692 0.7038934426229508 0.4023279352226721 0.6987704918032787 0.4053851214574899 0.6991127049180327 0.4147965587044535 0.6492315573770492 0.42365435222672065 0.6066362704918032 0.4244848178137652 0.6296147540983607 0.4222702429149797 0.6514733606557377 0.41950253036437246 0.6817377049180328 0.42459514170040485 0.7008196721311475 0.4331983805668016 0.6844262295081968 0.44129554655870445 0.6475409836065574 0.4402834008097166 0.6198770491803278 0.4433198380566802 0.5911885245901639 0.45445344129554655 0.548155737704918 0.4509109311740891 0.5174180327868853 0.44281376518218624 0.5174180327868853 0.4316801619433198 0.5348360655737705 0.42105263157894735 0.5286885245901639 0.40384615384615385 0.5276639344262295 0.40131578947368424 0.5584016393442623 0.4043522267206478 0.6014344262295082
0 0.3395748987854251 0.6639344262295082 0.3390688259109312 0.6752049180327869 0.34969635627530365 0.7059426229508197 0.3656634615384616 0.6290594262295082 0.37479807692307693 0.6055204918032787 0.36178795546558706 0.6963155737704918 0.3689271255060729 0.7079918032786885 0.3775303643724696 0.701844262295082 0.3856275303643725 0.6690573770491803 0.39119433198380565 0.6311475409836066 0.39271255060728744 0.5983606557377049 0.40131578947368424 0.5491803278688525 0.402834008097166 0.5286885245901639 0.40131578947368424 0.5215163934426229 0.39068825910931176 0.5122950819672131 0.3765182186234818 0.5112704918032787 0.36791497975708504 0.5163934426229508 0.3742444331983805 0.5309784836065574 0.37978036437246965 0.5550788934426228 0.37673532388663966 0.5814200819672132 0.3576356275303644 0.5954323770491804 0.3476720647773279 0.6557377049180327 0.3410931174089069 0.6577868852459017
0 0.27884615384615385 0.5563524590163934 0.2781918016194332 0.5836618852459017 0.2936933198380567 0.5758155737704918 0.3072565789473684 0.584782786885246 0.29313967611336034 0.5937510245901639 0.28036437246963564 0.6137295081967213 0.28694331983805665 0.6239754098360656 0.298582995951417 0.6270491803278688 0.32186234817813764 0.6127049180327869 0.3507085020242915 0.6075819672131147 0.35779352226720645 0.5993852459016393 0.3603238866396761 0.5911885245901639 0.35374493927125505 0.5286885245901639 0.3466599190283401 0.5030737704918032 0.34210526315789475 0.4989754098360656 0.33299595141700405 0.5010245901639344 0.3208502024291498 0.5174180327868853 0.30642611336032394 0.5292971311475411 0.2965587044534413 0.5307377049180327 0.28795546558704455 0.5379098360655737 0.28289473684210525 0.5368852459016393
0 0.33299595141700405 0.3709016393442623 0.3183198380566802 0.4733606557377049 0.3456477732793522 0.5020491803278688 0.35374493927125505 0.5010245901639344 0.3582995951417004 0.492827868852459 0.3598178137651822 0.4702868852459016 0.35526315789473684 0.35348360655737704 0.3426113360323887 0.35348360655737704
0 0.3598178137651822 0.47950819672131145 0.3603238866396761 0.5010245901639344 0.36639676113360325 0.5133196721311475 0.3729757085020243 0.5112704918032787 0.3851214574898785 0.5163934426229508 0.3942307692307692 0.5081967213114754 0.39625506072874495 0.5020491803278688 0.395748987854251 0.45799180327868855 0.3901821862348178 0.42827868852459017 0.3881578947368421 0.3709016393442623 0.3851214574898785 0.35758196721311475 0.3770242914979757 0.3442622950819672 0.3684210526315789 0.34938524590163933 0.37196356275303644 0.375 0.37196356275303644 0.41154405737704913 0.36538461538461536 0.4395491803278688
0 0.39878542510121456 0.47540983606557374 0.39878542510121456 0.5092213114754098 0.4084008097165992 0.5194672131147541 0.43016194331983804 0.5194672131147541 0.4402834008097166 0.5092213114754098 0.4418016194331984 0.5020491803278688 0.4402834008097166 0.48360655737704916 0.43218623481781376 0.45081967213114754 0.4240890688259109 0.3739754098360656 0.41953441295546556 0.35758196721311475 0.41194331983805665 0.35450819672131145 0.40789473684210525 0.36475409836065575 0.4043522267206478 0.4364754098360656 0.40131578947368424 0.4426229508196721
0 0.4271255060728745 0.36065573770491804 0.4266194331983806 0.3729508196721312 0.4347165991902834 0.42008196721311475 0.44281376518218624 0.5 0.44534412955465585 0.5092213114754098 0.45445344129554655 0.5112704918032787 0.4645748987854251 0.4989754098360656 0.4665991902834008 0.47950819672131145 0.4569838056680162 0.430327868852459 0.44686234817813764 0.35963114754098363 0.4433198380566802 0.35040983606557374 0.4392712550607287 0.35040983606557374
0 0.4564777327935223 0.33299180327868855 0.45445344129554655 0.3514344262295082 0.45799595141700405 0.4036885245901639 0.4665991902834008 0.4764344262295082 0.4660931174089069 0.4969262295081967 0.47368421052631576 0.514344262295082 0.4807692307692308 0.5163934426229508 0.49139676113360325 0.4969262295081967 0.4924089068825911 0.48463114754098363 0.48228744939271256 0.41290983606557374 0.48026315789473684 0.3780737704918033 0.47520242914979755 0.3463114754098361 0.4665991902834008 0.32479508196721313
0 0.4807692307692308 0.32479508196721313 0.48026315789473684 0.3411885245901639 0.4888663967611336 0.45286885245901637 0.49291497975708504 0.48155737704918034 0.4979757085020243 0.4979508196721312 0.5080971659919028 0.5 0.5106275303643725 0.49385245901639346 0.5126518218623481 0.4395491803278688 0.506578947368421 0.39036885245901637 0.5060728744939271 0.3524590163934426 0.5025303643724697 0.32889344262295084 0.49038461538461536 0.3135245901639344
0 0.5116396761133604 0.3668032786885246 0.513663967611336 0.4969262295081967 0.5177125506072875 0.5051229508196722 0.5242914979757085 0.5092213114754098 0.5364372469635628 0.5081967213114754 0.5409919028340081 0.5010245901639344 0.5409919028340081 0.4702868852459016 0.5364372469635628 0.4344262295081967 0.5313765182186235 0.3411885245901639 0.521255060728745 0.32889344262295084 0.5167004048582996 0.33094262295081966 0.5131578947368421 0.3411885245901639
0 0.5404858299595142 0.47950819672131145 0.5399797570850202 0.4979508196721312 0.5480769230769231 0.5133196721311475 0.5668016194331984 0.514344262295082 0.569331983805668 0.5030737704918032 0.5723684210526315 0.46311475409836067 0.5718623481781376 0.4354508196721312 0.5769230769230769 0.38934426229508196 0.5754048582995951 0.3422131147540984 0.5708502024291497 0.33094262295081966 0.5561740890688259 0.3319672131147541 0.5526315789473685 0.3401639344262295 0.5501012145748988 0.41700819672131145
0 0.5688259109311741 0.49385245901639346 0.5678137651821862 0.5092213114754098 0.5733805668016194 0.5163934426229508 0.5799595141700404 0.5204918032786885 0.5870445344129555 0.5153688524590164 0.5986842105263158 0.4088114754098361 0.597165991902834 0.36065573770491804 0.5890688259109311 0.33094262295081966 0.583502024291498 0.3350409836065574 0.5799595141700404 0.3483606557377049 0.5754048582995951 0.4364754098360656
0 0.5880566801619433 0.4948770491803279 0.5885627530364372 0.5122950819672131 0.6077935222672065 0.5348360655737705 0.611336032388664 0.5358606557377049 0.6189271255060729 0.5235655737704918 0.6305668016194332 0.3637295081967213 0.6270242914979757 0.3452868852459016 0.6169028340080972 0.3463114754098361 0.6143724696356275 0.35450819672131145 0.604251012145749 0.36475409836065575
0 0.6305668016194332 0.3760245901639344 0.6148785425101214 0.5174180327868853 0.6189271255060729 0.5235655737704918 0.6432186234817814 0.5368852459016393 0.6432186234817814 0.4948770491803279 0.6477732793522267 0.45081967213114754 0.6472672064777328 0.36065573770491804 0.6391700404858299 0.34938524590163933 0.6346153846153846 0.3483606557377049
0 0.6437246963562753 0.5 0.6432186234817814 0.5092213114754098 0.646255060728745 0.5174180327868853 0.6594129554655871 0.5297131147540983 0.6781376518218624 0.5286885245901639 0.687246963562753 0.5133196721311475 0.687246963562753 0.492827868852459 0.680668016194332 0.444672131147541 0.6781376518218624 0.38422131147540983 0.673582995951417 0.35860655737704916 0.6654858299595142 0.3637295081967213 0.6619433198380567 0.375
0 0.687753036437247 0.4692622950819672 0.6897773279352226 0.5215163934426229 0.6968623481781376 0.5256147540983607 0.7206477732793523 0.5215163934426229 0.7257085020242915 0.5102459016393442 0.7272267206477733 0.5020491803278688 0.7140688259109311 0.36475409836065575 0.7120445344129555 0.36270491803278687 0.7054655870445344 0.36475409836065575 0.6983805668016194 0.3801229508196721
0 0.7282388663967612 0.34938524590163933 0.7282388663967612 0.4364754098360656 0.7241902834008097 0.4661885245901639 0.7257085020242915 0.4959016393442623 0.7368421052631579 0.5020491803278688 0.7484817813765182 0.49385245901639346 0.7611336032388664 0.49385245901639346 0.7646761133603239 0.48463114754098363 0.7646761133603239 0.4713114754098361 0.7580971659919028 0.4180327868852459 0.7459514170040485 0.3524590163934426 0.7413967611336032 0.3432377049180328 0.7322874493927125 0.3432377049180328