0 0.23987854251012145 0.42520491803278687 0.2408906882591093 0.444672131147541 0.2560728744939271 0.4672131147540984 0.26973684210526316 0.47540983606557374 0.2808704453441296 0.4702868852459016 0.28289473684210525 0.44774590163934425 0.2823886639676113 0.4047131147540984 0.2854251012145749 0.3770491803278688 0.284919028340081 0.3350409836065574 0.2818825910931174 0.32172131147540983 0.26720647773279355 0.3176229508196721 0.26417004048583 0.32274590163934425 0.25320495951417005 0.39207684426229505 0.2424089068825911 0.4139344262295082
0 0.2823886639676113 0.4600409836065574 0.28289473684210525 0.48565573770491804 0.28694331983805665 0.4979508196721312 0.3142712550607287 0.5051229508196722 0.32135627530364375 0.4989754098360656 0.3233805668016194 0.4682377049180328 0.3183198380566802 0.41939856557377053 0.31983805668016196 0.40061475409836067 0.3173076923076923 0.35655737704918034 0.3102226720647773 0.3401639344262295 0.2990890688259109 0.3411885245901639 0.3006072874493927 0.3432377049180328 0.2965587044534413 0.38422131147540983
0 0.3259109311740891 0.4702868852459016 0.3223684210526316 0.5010245901639344 0.3259109311740891 0.5194672131147541 0.33805668016194335 0.5256147540983607 0.3491902834008097 0.5409836065573771 0.3567813765182186 0.5399590163934426 0.36538461538461536 0.5317622950819673 0.36791497975708504 0.5092213114754098 0.36791497975708504 0.4395491803278688 0.3638663967611336 0.4293032786885246 0.36690283400809715 0.4098360655737705 0.36639676113360325 0.39241803278688525 0.3643724696356275 0.39036885245901637 0.36133603238866396 0.36475409836065575 0.34969635627530365 0.3483606557377049 0.34463562753036436 0.34938524590163933 0.3350202429149798 0.42008196721311475 0.33046558704453444 0.4344262295081967 0.33046558704453444 0.45594262295081966
0 0.37044534412955465 0.4026639344262295 0.3643724696356275 0.5338114754098361 0.36538461538461536 0.5409836065573771 0.3770242914979757 0.5471311475409836 0.39119433198380565 0.5358606557377049 0.39271255060728744 0.5051229508196722 0.3876518218623482 0.4682377049180328 0.3861336032388664 0.4016393442622951 0.37803643724696356 0.39241803278688525
0 0.3972672064777328 0.4395491803278688 0.3977732793522267 0.4651639344262295 0.3917004048582996 0.5368852459016393 0.40789473684210525 0.5512295081967213 0.41953441295546556 0.5491803278688525 0.423582995951417 0.5440573770491803 0.4240890688259109 0.5163934426229508 0.409919028340081 0.4077868852459016 0.40536437246963564 0.39549180327868855 0.4008097165991903 0.39959016393442626
0 0.423582995951417 0.36475409836065575 0.4225708502024291 0.4651639344262295 0.4256072874493927 0.5225409836065574 0.4225708502024291 0.5491803278688525 0.4352226720647773 0.5706967213114754 0.45040485829959515 0.5491803278688525 0.4519230769230769 0.5348360655737705 0.4402834008097166 0.38831967213114754 0.4316801619433198 0.3668032786885246
0 0.4423076923076923 0.3739754098360656 0.4418016194331984 0.4088114754098361 0.4473684210526316 0.44364754098360654 0.4473684210526316 0.48155737704918034 0.4509109311740891 0.48668032786885246 0.4524291497975709 0.5420081967213115 0.4590080971659919 0.5532786885245902 0.4665991902834008 0.5563524590163934 0.4767206477732793 0.5532786885245902 0.4848178137651822 0.5399590163934426 0.4741902834008097 0.44774590163934425 0.451417004048583 0.3719262295081967
0 0.48380566801619435 0.4262295081967213 0.4848178137651822 0.5379098360655737 0.4888663967611336 0.548155737704918 0.4964574898785425 0.5543032786885246 0.5131578947368421 0.5563524590163934 0.5156882591093117 0.5522540983606558 0.5182186234817814 0.5297131147540983 0.5161943319838057 0.45286885245901637 0.5106275303643725 0.4036885245901639 0.5086032388663968 0.4026639344262295 0.506578947368421 0.38831967213114754 0.49898785425101216 0.38114754098360654 0.4883603238866397 0.3862704918032787
0 0.5232793522267206 0.46209016393442626 0.520748987854251 0.5522540983606558 0.5253036437246964 0.5584016393442623 0.5323886639676113 0.5594262295081968 0.5501012145748988 0.555327868852459 0.5521255060728745 0.5502049180327869 0.5511133603238867 0.5327868852459017 0.5541497975708503 0.5133196721311475 0.5506072874493927 0.4395491803278688 0.5369433198380567 0.38422131147540983 0.5298582995951417 0.38831967213114754
0 0.5587044534412956 0.45901639344262296 0.5526315789473685 0.5327868852459017 0.5531376518218624 0.5491803278688525 0.5597165991902834 0.5645491803278688 0.569838056680162 0.569672131147541 0.582995951417004 0.5676229508196722 0.5875506072874493 0.5532786885245902 0.5870445344129555 0.4098360655737705 0.5804655870445344 0.39344262295081966 0.5708502024291497 0.39549180327868855 0.5668016194331984 0.4057377049180328
0 0.5885627530364372 0.4334016393442623 0.5870445344129555 0.5389344262295082 0.5915991902834008 0.5584016393442623 0.5991902834008097 0.5727459016393442 0.6077935222672065 0.5788934426229508 0.6158906882591093 0.5676229508196722 0.6189271255060729 0.5532786885245902 0.618421052631579 0.4108606557377049 0.6158906882591093 0.4047131147540984 0.6163967611336032 0.3729508196721312 0.6128542510121457 0.36270491803278687 0.6072874493927125 0.35860655737704916 0.6022267206477733 0.36065573770491804 0.5956477732793523 0.3760245901639344
0 0.6300607287449392 0.4077868852459016 0.6234817813765182 0.5010245901639344 0.6163967611336032 0.5245901639344263 0.6169028340080972 0.5368852459016393 0.6214574898785425 0.5563524590163934 0.6239878542510121 0.5584016393442623 0.6356275303643725 0.5584016393442623 0.6508097165991903 0.5450819672131147 0.6503036437246964 0.5245901639344263 0.6437246963562753 0.48668032786885246 0.6427125506072875 0.42315573770491804 0.6381578947368421 0.3862704918032787 0.6325910931174089 0.39036885245901637
0 0.6614372469635628 0.3760245901639344 0.659919028340081 0.4354508196721312 0.6492914979757085 0.5061475409836066 0.6518218623481782 0.5368852459016393 0.6589068825910931 0.5450819672131147 0.6786437246963563 0.5389344262295082 0.680668016194332 0.5133196721311475 0.6776315789473685 0.49077868852459017 0.6786437246963563 0.4344262295081967 0.6745951417004049 0.3719262295081967 0.6695344129554656 0.36270491803278687
0 0.6857287449392713 0.39959016393442626 0.680668016194332 0.5051229508196722 0.680668016194332 0.5389344262295082 0.6826923076923077 0.5522540983606558 0.6912955465587044 0.5594262295081968 0.7176113360323887 0.555327868852459 0.7252024291497976 0.5440573770491803 0.7272267206477733 0.5204918032786885 0.7140688259109311 0.45081967213114754 0.7165991902834008 0.43135245901639346 0.7064777327935222 0.39959016393442626 0.7009109311740891 0.39241803278688525 0.6892712550607287 0.3944672131147541
0 0.728744939271255 0.4036885245901639 0.729757085020243 0.4149590163934426 0.7257085020242915 0.47540983606557374 0.7282388663967612 0.5174180327868853 0.7312753036437247 0.5215163934426229 0.7439271255060729 0.5225409836065574 0.7555668016194332 0.5122950819672131 0.7697368421052632 0.48975409836065575 0.7580971659919028 0.36475409836065575 0.7479757085020243 0.3463114754098361 0.7358299595141701 0.35860655737704916 0.7312753036437247 0.375
0 0.771255060728745 0.4088114754098361 0.7682186234817814 0.45286885245901637 0.7722672064777328 0.4774590163934426 0.7864372469635628 0.48155737704918034 0.7904858299595142 0.47848360655737704 0.7925101214574899 0.4702868852459016 0.8066801619433198 0.4600409836065574 0.8097165991902834 0.45389344262295084 0.8081983805668016 0.4354508196721312 0.7945344129554656 0.4067622950819672 0.7753036437246964 0.4036885245901639
0 0.6391700404858299 0.5573770491803278 0.6381578947368421 0.5758196721311475 0.6406882591093117 0.5922131147540983 0.6482793522267206 0.6086065573770492 0.6543522267206477 0.6465163934426229 0.666497975708502 0.6895491803278688 0.6776315789473685 0.7079918032786885 0.680668016194332 0.6823770491803278 0.6710526315789473 0.5522540983606558 0.6659919028340081 0.5461065573770492 0.6492914979757085 0.5471311475409836
0 0.6103238866396761 0.5799180327868853 0.6088056680161943 0.5901639344262295 0.6133603238866396 0.6188524590163934 0.6346153846153846 0.7049180327868853 0.6401821862348178 0.7110655737704918 0.6497975708502024 0.6967213114754098 0.6406882591093117 0.6270491803278688 0.6417004048582996 0.5942622950819673 0.6391700404858299 0.5747950819672131 0.6351214574898786 0.569672131147541 0.6214574898785425 0.5676229508196722
0 0.5840080971659919 0.5952868852459017 0.5875506072874493 0.6885245901639344 0.5910931174089069 0.7079918032786885 0.6002024291497976 0.735655737704918 0.604251012145749 0.7366803278688525 0.6108299595141701 0.7161885245901639 0.6098178137651822 0.6721311475409836 0.6118421052631579 0.6147540983606558 0.6088056680161943 0.5911885245901639 0.5996963562753036 0.5788934426229508 0.5951417004048583 0.5788934426229508 0.5870445344129555 0.5870901639344263
0 0.5536437246963563 0.5881147540983607 0.5571862348178138 0.6362704918032787 0.555668016194332 0.6844262295081968 0.5652834008097166 0.7151639344262295 0.5678137651821862 0.7202868852459017 0.5718623481781376 0.7192622950819673 0.5774291497975709 0.7008196721311475 0.5819838056680162 0.5952868852459017 0.569331983805668 0.5829918032786885 0.5566801619433198 0.5829918032786885
0 0.5242914979757085 0.5973360655737705 0.5237854251012146 0.6649590163934426 0.5328947368421053 0.6844262295081968 0.5445344129554656 0.6875 0.548582995951417 0.6670081967213115 0.5470647773279352 0.6270491803278688 0.5495951417004049 0.5891393442622951 0.5394736842105263 0.5829918032786885 0.527834008097166 0.5829918032786885
0 0.49949392712550605 0.5870901639344263 0.49898785425101216 0.6424180327868853 0.5015182186234818 0.6547131147540983 0.5106275303643725 0.6618852459016393 0.5156882591093117 0.6536885245901639 0.5222672064777328 0.6229508196721312 0.5232793522267206 0.5870901639344263 0.521255060728745 0.5829918032786885 0.5131578947368421 0.5819672131147541
0 0.46963562753036436 0.5993852459016393 0.4686234817813765 0.6834016393442623 0.47874493927125505 0.6926229508196722 0.48582995951417 0.6844262295081968 0.4888663967611336 0.6700819672131147 0.49038461538461536 0.6403688524590164 0.4964574898785425 0.5952868852459017 0.4939271255060729 0.5840163934426229 0.48228744939271256 0.5799180327868853 0.4716599190283401 0.5881147540983607
0 0.4402834008097166 0.5870901639344263 0.42864372469635625 0.7141393442622951 0.4347165991902834 0.7305327868852459 0.4473684210526316 0.7233606557377049 0.451417004048583 0.7161885245901639 0.45951417004048584 0.6762295081967213 0.46710526315789475 0.6004098360655737 0.4660931174089069 0.5840163934426229 0.4590080971659919 0.5758196721311475 0.4458502024291498 0.5799180327868853
0 0.40941295546558704 0.5829918032786885 0.40941295546558704 0.625 0.39979757085020245 0.6772540983606558 0.3992914979757085 0.6926229508196722 0.4043522267206478 0.6997950819672131 0.416497975708502 0.6997950819672131 0.4200404858299595 0.6956967213114754 0.4397773279352227 0.5840163934426229 0.43370445344129555 0.5758196721311475 0.42813765182186236 0.5584016393442623 0.4124493927125506 0.5604508196721312
0 0.37955465587044535 0.5594262295081968 0.37955465587044535 0.625 0.3724696356275304 0.6885245901639344 0.3805668016194332 0.6967213114754098 0.3917004048582996 0.6782786885245902 0.4058704453441296 0.5952868852459017 0.41295546558704455 0.5737704918032787 0.41346153846153844 0.5604508196721312 0.40536437246963564 0.5430327868852459 0.3841093117408907 0.5440573770491803
0 0.277834008097166 0.6260245901639344 0.27631578947368424 0.6383196721311475 0.27884615384615385 0.6495901639344263 0.28636589068825913 0.657936475409836 0.30523734817813764 0.6081741803278689 0.30435981781376514 0.6268350409836067 0.2940283400809717 0.6690573770491803 0.2990890688259109 0.6690573770491803 0.3107287449392713 0.6536885245901639 0.3228744939271255 0.6096311475409836 0.34210526315789475 0.5543032786885246 0.3441295546558704 0.5420081967213115 0.3426113360323887 0.5317622950819673 0.3147773279352227 0.507172131147541 0.3021255060728745 0.5040983606557377 0.29453441295546556 0.5215163934426229 0.29453441295546556 0.5543032786885246
0 0.20799595141700405 0.548155737704918 0.2054655870445344 0.5594262295081968 0.21965688259109312 0.5832940573770491 0.24379504048582995 0.561077868852459 0.2244843117408907 0.602843237704918 0.22823886639676114 0.6137295081967213 0.23228744939271256 0.6137295081967213 0.2631578947368421 0.5799180327868853 0.2834008097165992 0.5788934426229508 0.2894736842105263 0.5706967213114754 0.2935222672064777 0.5563524590163934 0.2909919028340081 0.5327868852459017 0.2859311740890688 0.5256147540983607 0.2768218623481781 0.48668032786885246 0.26417004048583 0.4723360655737705 0.2555668016194332 0.47950819672131145 0.24595141700404857 0.5020491803278688 0.2201417004048583 0.5276639344262295
0 0.7596153846153846 0.5112704918032787 0.7586032388663968 0.5286885245901639 0.7616396761133604 0.5420081967213115 0.7859311740890689 0.5778688524590164 0.7935222672064778 0.610655737704918 0.8142712550607287 0.6209016393442623 0.8151761133603239 0.6046383196721311 0.80442004048583 0.5650809426229508 0.8189078947368421 0.5673032786885246 0.8351523279352226 0.5899702868852459 0.8405870445344129 0.5799180327868853 0.8380566801619433 0.5532786885245902 0.805161943319838 0.4682377049180328 0.798582995951417 0.4651639344262295 0.77834008097166 0.48565573770491804 0.77834008097166 0.5 0.771255060728745 0.5