0 0.2831730769230769 0.6946495901639343 0.28542560728744937 0.6709426229508197 0.29353441295546556 0.6396393442622951 0.3011928137651822 0.6083350409836066 0.30494686234817814 0.5825010245901638 0.31140384615384614 0.560922131147541 0.3204134615384615 0.5542366803278688 0.32672014170040486 0.5612264344262294 0.3307747975708502 0.5621383196721312 0.33332742914979757 0.567608606557377 0.33603036437246964 0.5688247950819673 0.3411361336032389 0.5697366803278688 0.3451902834008097 0.5752069672131148 0.34969534412955466 0.5904036885245902 0.3460910931174089 0.6201875 0.3364807692307692 0.6372079918032787 0.32807186234817814 0.6593944672131147 0.3190622469635627 0.6788452868852459 0.30825050607287446 0.6922182377049181 0.29683805668016194 0.6967766393442623 0.2906811740890688 0.6979928278688524 0.2842241902834008 0.6976885245901638
0 0.32510475708502024 0.7634866803278688 0.330334008097166 0.7090563524590163 0.3406953441295547 0.6604282786885246 0.34550050607287447 0.6306444672131147 0.34880414979757085 0.6121045081967214 0.35841447368421053 0.594780737704918 0.3644210526315789 0.588094262295082 0.37042712550607293 0.6017715163934426 0.3762839068825911 0.6060266393442623 0.3834913967611336 0.6184866803278689 0.39009868421052635 0.6209180327868852 0.3935521255060729 0.6321639344262294 0.38799645748987854 0.6522223360655738 0.3776351214574899 0.6756249999999999 0.36021609311740893 0.7151352459016393 0.3458006072874494 0.7458309426229509 0.33408805668016195 0.7698411885245902 0.329582995951417 0.772576844262295
0 0.3066801619433198 0.4969262295081967 0.3076923076923077 0.5235655737704918 0.32388663967611336 0.5450819672131147 0.33046558704453444 0.5430327868852459 0.33856275303643724 0.5245901639344263 0.34058704453441296 0.5102459016393442 0.3390688259109312 0.4180327868852459 0.333502024291498 0.39241803278688525 0.32793522267206476 0.39549180327868855 0.3233805668016194 0.4036885245901639 0.3243927125506073 0.4077868852459016 0.3223684210526316 0.4108606557377049 0.31781376518218624 0.45594262295081966
0 0.3476720647773279 0.430327868852459 0.34463562753036436 0.49077868852459017 0.33856275303643724 0.5256147540983607 0.3395748987854251 0.555327868852459 0.3436234817813765 0.5655737704918032 0.35121457489878544 0.5655737704918032 0.36133603238866396 0.5727459016393442 0.3699392712550607 0.5655737704918032 0.375 0.5532786885245902 0.37803643724696356 0.5327868852459017 0.37803643724696356 0.5153688524590164 0.3699392712550607 0.4487704918032787 0.3658906882591093 0.4323770491803279 0.35728744939271256 0.42008196721311475 0.3527327935222672 0.42008196721311475
0 0.3734817813765182 0.5604508196721312 0.37398785425101216 0.5870901639344263 0.3775303643724696 0.5973360655737705 0.39271255060728744 0.6024590163934426 0.41700404858299595 0.5993852459016393 0.41295546558704455 0.47950819672131145 0.40536437246963564 0.4385245901639344 0.40030364372469635 0.4344262295081967 0.38917004048583 0.4385245901639344
0 0.4073886639676113 0.5655737704918032 0.4068825910931174 0.5932377049180327 0.4149797570850202 0.6075819672131147 0.41953441295546556 0.6075819672131147 0.42813765182186236 0.5952868852459017 0.4326923076923077 0.5799180327868853 0.4311740890688259 0.4723360655737705 0.430668016194332 0.45799180327868855 0.42864372469635625 0.45389344262295084 0.4200404858299595 0.45901639344262296 0.4149797570850202 0.47540983606557374
0 0.430668016194332 0.45184426229508196 0.4291497975708502 0.45491803278688525 0.4311740890688259 0.4723360655737705 0.4311740890688259 0.5860655737704918 0.42965587044534415 0.5922131147540983 0.4326923076923077 0.6065573770491803 0.4392712550607287 0.6147540983606558 0.4534412955465587 0.6014344262295082 0.4549595141700405 0.6045081967213115 0.4569838056680162 0.5983606557377049 0.4610323886639676 0.5963114754098361 0.46305668016194335 0.5686475409836066 0.4493927125506073 0.4918032786885246 0.4458502024291498 0.4600409836065574 0.4352226720647773 0.44774590163934425
0 0.4509109311740891 0.45901639344262296 0.4498987854251012 0.4702868852459016 0.45394736842105265 0.5604508196721312 0.45040485829959515 0.5891393442622951 0.4574898785425101 0.617827868852459 0.46305668016194335 0.6209016393442623 0.472165991902834 0.6188524590163934 0.4777327935222672 0.6127049180327869 0.479251012145749 0.5901639344262295 0.47520242914979755 0.5625 0.4706477732793522 0.47950819672131145 0.4676113360323887 0.4600409836065574 0.4645748987854251 0.45389344262295084 0.45445344129554655 0.45184426229508196
0 0.4812753036437247 0.5 0.4807692307692308 0.6157786885245902 0.4853238866396761 0.6229508196721312 0.4984817813765182 0.6239754098360656 0.5025303643724697 0.617827868852459 0.5030364372469636 0.5942622950819673 0.4979757085020243 0.5102459016393442 0.4939271255060729 0.47438524590163933 0.4898785425101215 0.46209016393442626 0.48633603238866396 0.45901639344262296
0 0.5055668016194332 0.48258196721311475 0.5055668016194332 0.625 0.5116396761133604 0.6311475409836066 0.5293522267206477 0.6290983606557377 0.5308704453441295 0.6260245901639344 0.5313765182186235 0.5983606557377049 0.527834008097166 0.5604508196721312 0.52834008097166 0.5409836065573771 0.5192307692307693 0.45081967213114754 0.5172064777327935 0.444672131147541 0.5121457489878543 0.444672131147541 0.5080971659919028 0.45081967213114754
0 0.5323886639676113 0.5901639344262295 0.5318825910931174 0.6219262295081968 0.5334008097165992 0.6280737704918032 0.542004048582996 0.6311475409836066 0.5581983805668016 0.6260245901639344 0.5597165991902834 0.6127049180327869 0.5592105263157895 0.5788934426229508 0.5571862348178138 0.5676229508196722 0.5587044534412956 0.5020491803278688 0.5516194331983806 0.4426229508196721 0.5450404858299596 0.444672131147541 0.542004048582996 0.45081967213114754 0.5374493927125507 0.49385245901639346 0.5359311740890689 0.5645491803278688
0 0.5642712550607287 0.44979508196721313 0.5617408906882592 0.6075819672131147 0.562753036437247 0.6188524590163934 0.5657894736842105 0.6270491803278688 0.5728744939271255 0.6290983606557377 0.5809716599190283 0.6239754098360656 0.5845141700404858 0.6055327868852459 0.5814777327935222 0.5676229508196722 0.5804655870445344 0.4651639344262295 0.5718623481781376 0.4487704918032787
0 0.5865384615384616 0.4672131147540984 0.5855263157894737 0.5215163934426229 0.5880566801619433 0.5570358606557377 0.5860323886639676 0.6024590163934426 0.5915991902834008 0.6219262295081968 0.604251012145749 0.6239754098360656 0.6103238866396761 0.6188524590163934 0.6128542510121457 0.5911885245901639 0.6077935222672065 0.5430327868852459 0.6022267206477733 0.45799180327868855 0.6002024291497976 0.45184426229508196 0.5936234817813765 0.4487704918032787
0 0.6108299595141701 0.5010245901639344 0.6118421052631579 0.6096311475409836 0.6128542510121457 0.6137295081967213 0.6275303643724697 0.6239754098360656 0.6351214574898786 0.6075819672131147 0.6356275303643725 0.5963114754098361 0.6300607287449392 0.5271516393442623 0.6310728744939271 0.49385245901639346 0.6295546558704453 0.4702868852459016 0.6224696356275303 0.44979508196721313 0.6194331983805668 0.45081967213114754 0.6133603238866396 0.4692622950819672
0 0.6295546558704453 0.5245901639344263 0.6295546558704453 0.5717213114754098 0.6325910931174089 0.5809426229508197 0.6336032388663968 0.5932377049180327 0.6366396761133604 0.6004098360655737 0.645748987854251 0.6086065573770492 0.65334008097166 0.6086065573770492 0.6578947368421053 0.5829918032786885 0.6538461538461539 0.5625 0.6492914979757085 0.5512295081967213 0.6497975708502024 0.4733606557377049 0.6442307692307693 0.4661885245901639 0.6447368421052632 0.46209016393442626 0.6427125506072875 0.4569672131147541 0.6376518218623481 0.45491803278688525 0.6325910931174089 0.45799180327868855
0 0.645748987854251 0.5081967213114754 0.6447368421052632 0.5563524590163934 0.6508097165991903 0.5911885245901639 0.6695344129554656 0.5983606557377049 0.687246963562753 0.5870901639344263 0.6892712550607287 0.5645491803278688 0.6837044534412956 0.548155737704918 0.6781376518218624 0.4959016393442623 0.6680161943319838 0.4600409836065574 0.6659919028340081 0.4375 0.6604251012145749 0.42725409836065575 0.65334008097166 0.430327868852459 0.6487854251012146 0.4385245901639344 0.6477732793522267 0.45081967213114754 0.6503036437246964 0.4733606557377049
0 0.6821862348178138 0.4969262295081967 0.6821862348178138 0.5420081967213115 0.6902834008097166 0.5645491803278688 0.7049595141700404 0.569672131147541 0.7206477732793523 0.5532786885245902 0.72165991902834 0.5327868852459017 0.7191295546558705 0.5133196721311475 0.708502024291498 0.4713114754098361 0.7064777327935222 0.45081967213114754 0.7064777327935222 0.4375 0.708502024291498 0.4344262295081967 0.7049595141700404 0.41700819672131145 0.7004048582995951 0.41700819672131145 0.6928137651821862 0.4354508196721312
0 0.7181174089068826 0.4702868852459016 0.7186234817813765 0.5112704918032787 0.7201417004048583 0.5245901639344263 0.7246963562753036 0.5368852459016393 0.7368421052631579 0.5420081967213115 0.7489878542510121 0.5256147540983607 0.7530364372469636 0.5245901639344263 0.7540485829959515 0.5020491803278688 0.7484817813765182 0.4764344262295082 0.7449392712550608 0.4702868852459016 0.7378542510121457 0.4323770491803279 0.7348178137651822 0.4077868852459016 0.7368421052631579 0.4026639344262295 0.7322874493927125 0.4016393442622951 0.7241902834008097 0.4139344262295082 0.7201417004048583 0.4344262295081967 0.7211538461538461 0.44364754098360654
0 0.7576928137651822 0.6974733606557377 0.7701057692307692 0.6991516393442623 0.7748051619433199 0.6986229508196721 0.7761108299595142 0.6954528688524589 0.7766330971659918 0.6912254098360655 0.7755885627530364 0.6859405737704918 0.767756072874494 0.678014344262295 0.76148987854251 0.6727305327868853 0.7565293522267207 0.6653319672131148 0.754963056680162 0.6531782786885245 0.7609676113360324 0.6510645491803279 0.7669726720647774 0.6584631147540984 0.770628036437247 0.6669180327868853 0.7758496963562753 0.6785430327868853 0.7797656882591093 0.6901680327868853 0.7836821862348178 0.6928104508196721 0.7870764170040485 0.6817131147540983 0.7839433198380567 0.6611045081967214 0.7805490890688259 0.6463094262295082 0.7685394736842105 0.625172131147541 0.7627955465587045 0.6077336065573771 0.7565293522267207 0.5776137295081967 0.749219129554656 0.5585901639344262 0.7374701417004048 0.5633463114754098 0.7312044534412955 0.5686301229508196 0.7225885627530364 0.5733862704918032 0.7173669028340082 0.5802551229508196 0.7118841093117408 0.5876536885245901 0.7105784412955466 0.5982223360655737 0.7207606275303643 0.6346834016393443 0.7325096153846155 0.6537069672131148 0.7463471659919028 0.6811854508196721 0.7533962550607287 0.6928104508196721
0 0.7421695344129555 0.7662612704918033 0.7345981781376518 0.7171178278688525 0.7228496963562754 0.6716731557377049 0.7152778340080971 0.6299272540983606 0.7082287449392712 0.6003360655737705 0.6956968623481781 0.6061485655737705 0.6925637651821863 0.6124897540983606 0.684209008097166 0.6130184426229509 0.6815981781376518 0.6167172131147541 0.6742879554655871 0.6167172131147541 0.6716771255060728 0.6235870901639344 0.6716771255060728 0.6420819672131148 0.678203947368421 0.669030737704918 0.6943911943319838 0.7049641393442623 0.7121452429149798 0.7424825819672132 0.7265045546558705 0.7662612704918033 0.7359038461538462 0.7715461065573771
0 0.7029149797570851 0.7713995901639344 0.6969099190283401 0.7381086065573771 0.6869883603238867 0.7069313524590164 0.6807226720647773 0.679453893442623 0.6781118421052632 0.6556741803278688 0.6757621457489879 0.6382356557377049 0.6713233805668016 0.627139344262295 0.6653188259109312 0.6234405737704918 0.659836032388664 0.6207981557377049 0.6517424089068826 0.6229118852459016 0.6486093117408908 0.6303094262295083 0.6446928137651822 0.632951844262295 0.6371214574898786 0.632951844262295 0.6285055668016194 0.6419354508196722 0.6285055668016194 0.6503903688524589 0.6311163967611336 0.6641290983606558 0.6394711538461538 0.6868514344262294 0.6431265182186234 0.6931926229508197 0.6488704453441295 0.7254262295081967 0.6517424089068826 0.7423360655737705 0.6546143724696356 0.7539610655737705 0.6658405870445344 0.778797131147541 0.6747176113360324 0.7877807377049181 0.6825501012145749 0.7914795081967213 0.6888162955465588 0.7898944672131147 0.6843775303643724 0.7745696721311476 0.6768061740890687 0.7640020491803279 0.6705404858299595 0.7566034836065574 0.666623987854251 0.7465635245901638 0.6647965587044534 0.7285973360655738 0.6640131578947368 0.7148575819672132 0.6645354251012147 0.7079887295081967 0.6684514170040485 0.7164436475409837 0.6731513157894736 0.7307110655737705 0.6781118421052632 0.7407510245901638 0.6830723684210526 0.7523760245901638 0.6885551619433199 0.7655870901639343 0.6922105263157895 0.772984631147541 0.6971710526315789 0.7777407786885246 0.7008259109311742 0.778797131147541 0.7031756072874493 0.7772120901639344
0 0.6216801619433199 0.7020952868852459 0.6156705465587045 0.6707243852459016 0.6125374493927126 0.6596270491803279 0.6180202429149798 0.6559282786885247 0.6201088056680162 0.6480020491803279 0.6242864372469635 0.6427182377049181 0.6355126518218623 0.6448319672131148 0.6368183198380567 0.6464170081967213 0.6402125506072874 0.6643831967213114 0.6394291497975708 0.6802356557377048 0.6428233805668017 0.7108852459016393 0.6446508097165992 0.7489313524590164 0.6488279352226721 0.7790522540983607 0.654832995951417 0.8033596311475409 0.6493502024291498 0.8112858606557377 0.6428233805668017 0.8017735655737704 0.6357737854251012 0.7785235655737706 0.6289858299595141 0.7494600409836065 0.6242864372469635 0.7209252049180328 0.6206310728744939 0.6976741803278688
0 0.597165991902834 0.6547131147540983 0.590080971659919 0.673155737704918 0.590080971659919 0.6854508196721312 0.6007085020242915 0.7295081967213115 0.6027327935222672 0.7520491803278688 0.6123481781376519 0.7909836065573771 0.6290485829959515 0.805327868852459 0.6325910931174089 0.7930327868852459 0.6244939271255061 0.7561475409836066 0.6153846153846154 0.6629098360655737 0.6072874493927125 0.6495901639344263 0.6007085020242915 0.6495901639344263
0 0.5708502024291497 0.6762295081967213 0.5703441295546559 0.7028688524590164 0.5743927125506073 0.7530737704918032 0.582995951417004 0.798155737704918 0.5905870445344129 0.8186475409836066 0.6032388663967612 0.8258196721311475 0.6062753036437247 0.8217213114754098 0.6062753036437247 0.8165983606557377 0.604757085020243 0.7940573770491803 0.5976720647773279 0.7540983606557377 0.5956477732793523 0.6905737704918032 0.5895748987854251 0.6721311475409836 0.583502024291498 0.6629098360655737 0.5789473684210527 0.6629098360655737
0 0.5495951417004049 0.6711065573770492 0.5490890688259109 0.7100409836065574 0.5526315789473685 0.7838114754098361 0.5581983805668016 0.8063524590163934 0.5642712550607287 0.8125 0.5673076923076923 0.8032786885245902 0.569838056680162 0.6782786885245902 0.5607287449392713 0.6618852459016393 0.5526315789473685 0.6639344262295082
0 0.5298582995951417 0.6649590163934426 0.5298582995951417 0.7049180327868853 0.5339068825910931 0.7120901639344263 0.5364372469635628 0.7827868852459017 0.541497975708502 0.8063524590163934 0.5455465587044535 0.8084016393442623 0.5480769230769231 0.8012295081967213 0.5495951417004049 0.7725409836065574 0.5490890688259109 0.6649590163934426 0.5475708502024291 0.6577868852459017 0.5374493927125507 0.6495901639344263 0.5323886639676113 0.6526639344262295
0 0.5111336032388664 0.6557377049180327 0.5111336032388664 0.6977459016393442 0.5146761133603239 0.7172131147540983 0.5192307692307693 0.7940573770491803 0.5227732793522267 0.8084016393442623 0.5288461538461539 0.8125 0.5334008097165992 0.8043032786885246 0.5308704453441295 0.6598360655737705 0.5303643724696356 0.6557377049180327 0.5217611336032388 0.6495901639344263
0 0.49038461538461536 0.6700819672131147 0.5025303643724697 0.8022540983606558 0.5045546558704453 0.8135245901639344 0.5101214574898786 0.8176229508196722 0.5146761133603239 0.8022540983606558 0.5096153846153846 0.6598360655737705 0.4979757085020243 0.6547131147540983
0 0.46698481781376516 0.6844918032786885 0.4675151821862348 0.6633954918032787 0.46892813765182184 0.6544569672131147 0.4729913967611336 0.6483780737704918 0.47617155870445343 0.6469487704918033 0.4800581983805668 0.6458760245901639 0.485711032388664 0.6433729508196722 0.4899509109311741 0.6498084016393443 0.49383755060728746 0.6573176229508197 0.49472115384615384 0.6834190573770492 0.49277783400809716 0.7148842213114753 0.4855344129554656 0.8006987704918033 0.4749347165991903 0.8167879098360655 0.4705182186234818 0.8228668032786886 0.46804504048582996 0.7935471311475409 0.4698117408906882 0.7549303278688525 0.4687515182186235 0.7256106557377049 0.4683982793522267 0.6987940573770492 0.4671614372469636 0.6877100409836066
0 0.4445490890688259 0.6537418032786886 0.44949544534412955 0.639797131147541 0.45514878542510123 0.636936475409836 0.45868168016194333 0.6408698770491804 0.46433502024291495 0.6558872950819672 0.4673385627530364 0.6512387295081967 0.46998836032388663 0.6533842213114753 0.4719316801619433 0.6630389344262295 0.4733446356275303 0.6827038934426229 0.46892813765182184 0.7070184426229508 0.46698481781376516 0.7363381147540984 0.4595652834008097 0.7731659836065574 0.45320546558704455 0.7942622950819672 0.44578542510121455 0.8046311475409836 0.43907236842105263 0.8064190573770492 0.44172216599190284 0.7781721311475409 0.44225253036437245 0.7356229508196721 0.44225253036437245 0.6912858606557377 0.4418987854251012 0.6809159836065574 0.44242914979757086 0.6651834016393443
0 0.4145531376518219 0.794265368852459 0.41879301619433196 0.7156024590163934 0.4216194331983806 0.6794897540983607 0.42303289473684214 0.6601813524590164 0.42444635627530364 0.6448063524590164 0.4278026315789473 0.6344375 0.4320425101214575 0.6315768442622951 0.43486943319838056 0.6319344262295082 0.43893218623481783 0.6340799180327868 0.443879048582996 0.6401577868852459 0.44758906882591093 0.6430184426229508 0.4514752024291498 0.6483821721311476 0.4507687246963563 0.6651874999999999 0.445998987854251 0.6816342213114754 0.44158248987854254 0.6966526639344263 0.43345597165991906 0.7502858606557377 0.4278026315789473 0.7753145491803278 0.41949949392712554 0.7971260245901639