0 0.7586032388663968 0.5717213114754098 0.7586032388663968 0.5911885245901639 0.7672064777327935 0.6004098360655737 0.7945344129554656 0.6086065573770492 0.8026315789473685 0.5870901639344263 0.8036437246963563 0.5379098360655737 0.8107287449392713 0.48770491803278687 0.8081983805668016 0.47848360655737704 0.7995951417004049 0.4713114754098361 0.7884615384615384 0.4774590163934426 0.7818825910931174 0.492827868852459
0 0.7135627530364372 0.5983606557377049 0.7130566801619433 0.6045081967213115 0.7176113360323887 0.6188524590163934 0.7277327935222672 0.632172131147541 0.7489878542510121 0.632172131147541 0.7550607287449392 0.6229508196721312 0.757085020242915 0.610655737704918 0.757085020242915 0.5799180327868853 0.7667004048582996 0.48975409836065575 0.7596153846153846 0.4733606557377049 0.7510121457489879 0.47438524590163933 0.7419028340080972 0.48668032786885246
0 0.6568825910931174 0.5625 0.6568825910931174 0.5737704918032787 0.667004048582996 0.5932377049180327 0.6816801619433198 0.5963114754098361 0.687246963562753 0.5891393442622951 0.6933198380566802 0.5215163934426229 0.7024291497975709 0.4733606557377049 0.6998987854251012 0.45799180327868855 0.6923076923076923 0.45491803278688525 0.6882591093117408 0.46209016393442626
0 0.611336032388664 0.5286885245901639 0.6108299595141701 0.5327868852459017 0.6133603238866396 0.5358606557377049 0.6280364372469636 0.5358606557377049 0.6391700404858299 0.5286885245901639 0.646255060728745 0.4661885245901639 0.6467611336032388 0.45081967213114754 0.6447368421052632 0.444672131147541 0.6330971659919028 0.44364754098360654 0.6285425101214575 0.4569672131147541 0.6229757085020243 0.46209016393442626
0 0.5683198380566802 0.5645491803278688 0.5678137651821862 0.5758196721311475 0.5703441295546559 0.5809426229508197 0.5840080971659919 0.5860655737704918 0.5936234817813765 0.5829918032786885 0.5956477732793523 0.5727459016393442 0.597165991902834 0.5102459016393442 0.604251012145749 0.45799180327868855 0.6032388663967612 0.4426229508196721 0.5991902834008097 0.44364754098360654 0.5850202429149798 0.4774590163934426
0 0.5308704453441295 0.5399590163934426 0.5303643724696356 0.5573770491803278 0.5328947368421053 0.569672131147541 0.5561740890688259 0.5799180327868853 0.5647773279352226 0.5809426229508197 0.5678137651821862 0.576844262295082 0.569838056680162 0.5512295081967213 0.5678137651821862 0.5327868852459017 0.5769230769230769 0.46311475409836067 0.5733805668016194 0.4375 0.5602226720647774 0.4323770491803279 0.555161943319838 0.4354508196721312 0.5359311740890689 0.5092213114754098
0 0.4934210526315789 0.4426229508196721 0.4959514170040486 0.5758196721311475 0.49898785425101216 0.5799180327868853 0.5293522267206477 0.5758196721311475 0.5303643724696356 0.5522540983606558 0.5182186234817814 0.45491803278688525 0.5121457489878543 0.4375 0.507085020242915 0.43135245901639346 0.4979757085020243 0.4323770491803279
0 0.4625506072874494 0.4487704918032787 0.4701417004048583 0.5133196721311475 0.4716599190283401 0.5717213114754098 0.47368421052631576 0.5829918032786885 0.48026315789473684 0.5870901639344263 0.49190283400809715 0.5809426229508197 0.4949392712550607 0.5758196721311475 0.4944331983805668 0.5573770491803278 0.4797570850202429 0.46311475409836067 0.4691295546558704 0.4426229508196721 0.4665991902834008 0.4405737704918033
0 0.4342105263157895 0.4702868852459016 0.43370445344129555 0.4948770491803279 0.43623481781376516 0.5163934426229508 0.4342105263157895 0.5491803278688525 0.4367408906882591 0.5891393442622951 0.44129554655870445 0.5932377049180327 0.4610323886639676 0.5911885245901639 0.4681174089068826 0.5758196721311475 0.4686234817813765 0.5584016393442623 0.4564777327935223 0.4661885245901639 0.4493927125506073 0.4426229508196721 0.4438259109311741 0.4405737704918033 0.43775303643724695 0.4426229508196721
0 0.4061290485829959 0.46510758196721314 0.39979757085020245 0.5051229508196722 0.4023279352226721 0.5215163934426229 0.4058704453441296 0.5338114754098361 0.41194331983805665 0.5389344262295082 0.4089068825910931 0.5584016393442623 0.40030364372469635 0.576844262295082 0.40030364372469635 0.6034836065573771 0.416497975708502 0.6075819672131147 0.4276315789473684 0.5983606557377049 0.4352226720647773 0.5983606557377049 0.43775303643724695 0.5870901639344263 0.42226214574898785 0.4550563524590164 0.41194331983805665 0.44979508196721313
0 0.3092105263157895 0.5092213114754098 0.3092105263157895 0.5297131147540983 0.3132591093117409 0.5440573770491803 0.3173076923076923 0.548155737704918 0.32186234817813764 0.5717213114754098 0.32945344129554655 0.5870901639344263 0.33856275303643724 0.5758196721311475 0.3395748987854251 0.5635245901639344 0.35880566801619435 0.5368852459016393 0.35779352226720645 0.5245901639344263 0.3410931174089069 0.5 0.32793522267206476 0.4959016393442623 0.3102226720647773 0.5010245901639344
0 0.26720647773279355 0.48565573770491804 0.27378542510121456 0.5901639344262295 0.28643724696356276 0.6045081967213115 0.2940283400809717 0.6075819672131147 0.3142712550607287 0.5911885245901639 0.3168016194331984 0.5829918032786885 0.3157894736842105 0.5645491803278688 0.3092105263157895 0.5461065573770492 0.29605263157894735 0.48975409836065575 0.28846153846153844 0.47438524590163933 0.2793522267206478 0.4692622950819672 0.2722672064777328 0.4702868852459016
0 0.23987854251012145 0.7008196721311475 0.23937246963562753 0.7161885245901639 0.24342105263157895 0.7336065573770492 0.25455465587044535 0.7346311475409836 0.2631578947368421 0.7438524590163934 0.27530364372469635 0.7387295081967213 0.29048582995951416 0.7202868852459017 0.3021255060728745 0.6823770491803278 0.31224696356275305 0.6659836065573771 0.31781376518218624 0.6485655737704918 0.319331983805668 0.6342213114754098 0.3117408906882591 0.6219262295081968 0.2758097165991903 0.5932377049180327 0.27125506072874495 0.5952868852459017 0.2631578947368421 0.610655737704918
0 0.3016194331983806 0.7202868852459017 0.298582995951417 0.7561475409836066 0.3021255060728745 0.7715163934426229 0.3147773279352227 0.7745901639344263 0.3324898785425101 0.7633196721311475 0.36133603238866396 0.6793032786885246 0.3674089068825911 0.6536885245901639 0.36690283400809715 0.6270491803278688 0.3284412955465587 0.6096311475409836 0.3233805668016194 0.610655737704918 0.3173076923076923 0.6260245901639344 0.305668016194332 0.7090163934426229
0 0.3638663967611336 0.7909836065573771 0.3643724696356275 0.805327868852459 0.37196356275303644 0.8186475409836066 0.37955465587044535 0.8186475409836066 0.3932186234817814 0.8104508196721312 0.44129554655870445 0.7592213114754098 0.4493927125506073 0.735655737704918 0.4478744939271255 0.7090163934426229 0.4347165991902834 0.7008196721311475 0.430668016194332 0.6875 0.4230769230769231 0.6864754098360656 0.4023279352226721 0.7172131147540983 0.3937246963562753 0.7377049180327869 0.37955465587044535 0.75 0.36791497975708504 0.7715163934426229
0 0.42965587044534415 0.6577868852459017 0.42864372469635625 0.6741803278688525 0.4326923076923077 0.6956967213114754 0.4352226720647773 0.7397540983606558 0.4342105263157895 0.7510245901639344 0.43016194331983804 0.7592213114754098 0.4352226720647773 0.7622950819672131 0.4433198380566802 0.7520491803278688 0.4493927125506073 0.735655737704918 0.4524291497975709 0.7090163934426229 0.45445344129554655 0.6444672131147541 0.451417004048583 0.6342213114754098 0.4418016194331984 0.6342213114754098 0.43218623481781376 0.6434426229508197
0 0.395748987854251 0.6793032786885246 0.3952429149797571 0.7120901639344263 0.3977732793522267 0.7295081967213115 0.40030364372469635 0.7325819672131147 0.4109311740890688 0.7038934426229508 0.41953441295546556 0.6885245901639344 0.4240890688259109 0.6424180327868853 0.4058704453441296 0.6454918032786885 0.39979757085020245 0.6577868852459017
0 0.45546558704453444 0.6577868852459017 0.4549595141700405 0.7243852459016393 0.4574898785425101 0.7366803278688525 0.4625506072874494 0.7469262295081968 0.46963562753036436 0.7510245901639344 0.4772267206477733 0.75 0.48582995951417 0.7397540983606558 0.4893724696356275 0.701844262295082 0.4888663967611336 0.6413934426229508 0.48279352226720645 0.5983606557377049 0.47368421052631576 0.5922131147540983 0.46204453441295545 0.5952868852459017 0.45951417004048584 0.6055327868852459
0 0.4873481781376518 0.5952868852459017 0.4888663967611336 0.6485655737704918 0.4934210526315789 0.701844262295082 0.4979757085020243 0.7192622950819673 0.5010121457489879 0.7233606557377049 0.506578947368421 0.7223360655737705 0.5131578947368421 0.6844262295081968 0.5126518218623481 0.6608606557377049 0.5106275303643725 0.6567622950819673 0.5096153846153846 0.5911885245901639 0.49696356275303644 0.5870901639344263
0 0.5172064777327935 0.625 0.5167004048582996 0.6680327868852459 0.5187246963562753 0.6854508196721312 0.521255060728745 0.6915983606557377 0.5288461538461539 0.6926229508196722 0.5328947368421053 0.6598360655737705 0.5344129554655871 0.6198770491803278 0.5328947368421053 0.6157786885245902
0 0.5374493927125507 0.6086065573770492 0.5354251012145749 0.6188524590163934 0.5374493927125507 0.6311475409836066 0.5566801619433198 0.6967213114754098 0.5637651821862348 0.7090163934426229 0.569838056680162 0.7079918032786885 0.569838056680162 0.6844262295081968 0.5581983805668016 0.5993852459016393 0.5526315789473685 0.5973360655737705
0 0.5774291497975709 0.6086065573770492 0.5759109311740891 0.6280737704918032 0.5784412955465587 0.6608606557377049 0.5875506072874493 0.7305327868852459 0.5956477732793523 0.7520491803278688 0.6032388663967612 0.7540983606557377 0.6088056680161943 0.7479508196721312 0.6103238866396761 0.7407786885245902 0.6103238866396761 0.7079918032786885 0.6007085020242915 0.5993852459016393 0.5946356275303644 0.5911885245901639 0.5855263157894737 0.5911885245901639
0 0.6072874493927125 0.5881147540983607 0.5981781376518218 0.6096311475409836 0.5981781376518218 0.6188524590163934 0.6062753036437247 0.6506147540983607 0.6072874493927125 0.673155737704918 0.618421052631579 0.7336065573770492 0.6224696356275303 0.7520491803278688 0.6371457489878543 0.7479508196721312 0.6437246963562753 0.7202868852459017 0.6300607287449392 0.5973360655737705 0.6265182186234818 0.5870901639344263 0.618421052631579 0.5819672131147541 0.6108299595141701 0.5819672131147541
0 0.6305668016194332 0.5952868852459017 0.6280364372469636 0.6034836065573771 0.6290485829959515 0.6219262295081968 0.6371457489878543 0.6629098360655737 0.6401821862348178 0.6967213114754098 0.6523279352226721 0.7459016393442623 0.6578947368421053 0.7602459016393442 0.6639676113360324 0.7602459016393442 0.6690283400809717 0.7459016393442623 0.6629554655870445 0.6526639344262295 0.6578947368421053 0.6280737704918032 0.6584008097165992 0.5993852459016393 0.6497975708502024 0.5942622950819673
0 0.6578947368421053 0.5993852459016393 0.6594129554655871 0.6301229508196722 0.6837044534412956 0.7407786885245902 0.6882591093117408 0.7489754098360656 0.6933198380566802 0.7489754098360656 0.694331983805668 0.7346311475409836 0.689085020242915 0.6972213114754099 0.6968410931174089 0.6896823770491803 0.7135627530364372 0.7479508196721312 0.7211538461538461 0.7489754098360656 0.7231781376518218 0.735655737704918 0.7120445344129555 0.6690573770491803 0.7115384615384616 0.6188524590163934 0.7095141700404858 0.6045081967213115 0.6938259109311741 0.5911885245901639 0.6766194331983806 0.6045081967213115 0.6675101214574899 0.5983606557377049
0 0.7515182186234818 0.6311475409836066 0.7510121457489879 0.6557377049180327 0.7641700404858299 0.6977459016393442 0.7727732793522267 0.7387295081967213 0.7813765182186235 0.757172131147541 0.7869433198380567 0.7653688524590164 0.7940283400809717 0.7663934426229508 0.7980769230769231 0.7592213114754098 0.812246963562753 0.7520491803278688 0.8142712550607287 0.7551229508196722 0.8183198380566802 0.7479508196721312 0.8188259109311741 0.735655737704918 0.8132591093117408 0.7069672131147541 0.8066801619433198 0.6383196721311475 0.8021255060728745 0.6209016393442623 0.798582995951417 0.6157786885245902 0.7823886639676113 0.6147540983606558 0.7672064777327935 0.6260245901639344 0.7560728744939271 0.625