0 0.291497975708502 0.41905737704918034 0.291497975708502 0.4405737704918033 0.30111336032388664 0.4702868852459016 0.3081983805668016 0.4733606557377049 0.3188259109311741 0.4672131147540984 0.333502024291498 0.42315573770491804 0.3360323886639676 0.39036885245901637 0.3319838056680162 0.3452868852459016 0.32186234817813764 0.3411885245901639 0.31224696356275305 0.3524590163934426 0.3001012145748988 0.39549180327868855 0.2935222672064777 0.4057377049180328
0 0.3355263157894737 0.35655737704918034 0.33653846153846156 0.3862704918032787 0.33451417004048584 0.41188524590163933 0.326417004048583 0.4487704918032787 0.31983805668016196 0.4661885245901639 0.319331983805668 0.4805327868852459 0.3309716599190283 0.5102459016393442 0.34969635627530365 0.5153688524590164 0.354251012145749 0.4979508196721312 0.3582995951417004 0.44364754098360654 0.35880566801619435 0.41905737704918034 0.3567813765182186 0.4036885245901639 0.35931174089068824 0.3801229508196721 0.35020242914979755 0.3514344262295082 0.34058704453441296 0.3452868852459016
0 0.35526315789473684 0.48463114754098363 0.3522267206477733 0.5092213114754098 0.3547570850202429 0.5215163934426229 0.3648785425101215 0.5327868852459017 0.37955465587044535 0.5409836065573771 0.3932186234817814 0.5389344262295082 0.39473684210526316 0.5297131147540983 0.39220647773279355 0.4713114754098361 0.3937246963562753 0.42725409836065575 0.39119433198380565 0.4036885245901639 0.38461538461538464 0.38114754098360654 0.3724696356275304 0.382172131147541 0.36791497975708504 0.39549180327868855 0.3674089068825911 0.4149590163934426
0 0.39625506072874495 0.5122950819672131 0.39625506072874495 0.5430327868852459 0.40384615384615385 0.555327868852459 0.4124493927125506 0.5543032786885246 0.42054655870445345 0.5440573770491803 0.42206477732793524 0.5276639344262295 0.4200404858299595 0.5061475409836066 0.41953441295546556 0.40061475409836067 0.41700404858299595 0.39549180327868855 0.4190283400809717 0.38729508196721313 0.41548582995951416 0.38114754098360654 0.40789473684210525 0.3862704918032787
0 0.41953441295546556 0.43135245901639346 0.42105263157894735 0.5389344262295082 0.41953441295546556 0.5522540983606558 0.4271255060728745 0.5686475409836066 0.4392712550607287 0.5645491803278688 0.44534412955465585 0.5532786885245902 0.4478744939271255 0.5327868852459017 0.44281376518218624 0.38422131147540983 0.4397773279352227 0.36475409836065575 0.42611336032388664 0.3739754098360656 0.423582995951417 0.3801229508196721 0.423582995951417 0.4047131147540984
0 0.4478744939271255 0.4016393442622951 0.44534412955465585 0.4979508196721312 0.45040485829959515 0.5297131147540983 0.44888663967611336 0.5358606557377049 0.45040485829959515 0.548155737704918 0.4559716599190283 0.5532786885245902 0.46710526315789475 0.5379098360655737 0.4676113360323887 0.5153688524590164 0.46305668016194335 0.3944672131147541 0.4605263157894737 0.3831967213114754 0.46153846153846156 0.3770491803278688 0.4549595141700405 0.36168032786885246
0 0.4706477732793522 0.39549180327868855 0.47368421052631576 0.48258196721311475 0.46963562753036436 0.5409836065573771 0.47469635627530365 0.5594262295081968 0.4817813765182186 0.5645491803278688 0.49139676113360325 0.5635245901639344 0.4944331983805668 0.5604508196721312 0.49544534412955465 0.548155737704918 0.4924089068825911 0.44979508196721313 0.4883603238866397 0.4036885245901639 0.48279352226720645 0.38934426229508196
0 0.4979757085020243 0.48463114754098363 0.4959514170040486 0.5594262295081968 0.5015182186234818 0.5676229508196722 0.5167004048582996 0.5676229508196722 0.5187246963562753 0.5635245901639344 0.5182186234817814 0.4979508196721312 0.5121457489878543 0.46209016393442626 0.5121457489878543 0.4180327868852459 0.5055668016194332 0.4077868852459016 0.5005060728744939 0.4180327868852459 0.5020242914979757 0.4569672131147541
0 0.5247975708502024 0.45799180327868855 0.520242914979757 0.5584016393442623 0.5313765182186235 0.5676229508196722 0.5460526315789473 0.5635245901639344 0.5495951417004049 0.5461065573770492 0.5490890688259109 0.41905737704918034 0.5445344129554656 0.3801229508196721 0.5450404858299596 0.367827868852459 0.541497975708502 0.36270491803278687 0.5364372469635628 0.36885245901639346 0.5288461538461539 0.39139344262295084
0 0.5516194331983806 0.36065573770491804 0.548582995951417 0.5409836065573771 0.5521255060728745 0.5543032786885246 0.5647773279352226 0.5584016393442623 0.5708502024291497 0.555327868852459 0.576417004048583 0.5358606557377049 0.5759109311740891 0.430327868852459 0.5718623481781376 0.3790983606557377 0.5668016194331984 0.3555327868852459 0.5602226720647774 0.3422131147540984 0.5561740890688259 0.3483606557377049 0.555668016194332 0.35758196721311475
0 0.5789473684210527 0.35655737704918034 0.5814777327935222 0.42725409836065575 0.5779352226720648 0.44672131147540983 0.5784412955465587 0.48360655737704916 0.5759109311740891 0.5 0.5759109311740891 0.5256147540983607 0.5855263157894737 0.5461065573770492 0.5996963562753036 0.5512295081967213 0.6057692307692307 0.5379098360655737 0.6007085020242915 0.5153688524590164 0.604757085020243 0.48360655737704916 0.604251012145749 0.430327868852459 0.6012145748987854 0.4098360655737705 0.6017206477732794 0.3719262295081967 0.5956477732793523 0.35450819672131145 0.5890688259109311 0.3514344262295082 0.5870445344129555 0.3463114754098361 0.5804655870445344 0.3483606557377049
0 0.5996963562753036 0.5010245901639344 0.6017206477732794 0.5286885245901639 0.6214574898785425 0.5502049180327869 0.6300607287449392 0.5491803278688525 0.6371457489878543 0.5348360655737705 0.6381578947368421 0.5286885245901639 0.6330971659919028 0.5040983606557377 0.6330971659919028 0.4887295081967213 0.6406882591093117 0.4375 0.6422064777327935 0.3719262295081967 0.6411943319838057 0.36475409836065575 0.6356275303643725 0.3555327868852459 0.6229757085020243 0.3432377049180328 0.6072874493927125 0.4385245901639344 0.604251012145749 0.4805327868852459
0 0.6330971659919028 0.48668032786885246 0.6341093117408907 0.5163934426229508 0.645748987854251 0.5368852459016393 0.6538461538461539 0.5409836065573771 0.667004048582996 0.5276639344262295 0.6619433198380567 0.38422131147540983 0.646255060728745 0.367827868852459 0.6401821862348178 0.38831967213114754
0 0.673582995951417 0.35655737704918034 0.6725708502024291 0.3831967213114754 0.6700404858299596 0.39241803278688525 0.6700404858299596 0.4262295081967213 0.6685222672064778 0.4354508196721312 0.6629554655870445 0.4395491803278688 0.6619433198380567 0.4456967213114754 0.6634615384615384 0.5061475409836066 0.6695344129554656 0.5225409836065574 0.6781376518218624 0.5297131147540983 0.7019230769230769 0.5286885245901639 0.7090080971659919 0.5204918032786885 0.7115384615384616 0.5051229508196722 0.7100202429149798 0.47950819672131145 0.7054655870445344 0.45286885245901637 0.707995951417004 0.42725409836065575 0.7039473684210527 0.3801229508196721 0.6852226720647774 0.33709016393442626 0.680668016194332 0.3360655737704918 0.6756072874493927 0.3411885245901639
0 0.7120445344129555 0.3637295081967213 0.715080971659919 0.42520491803278687 0.7115384615384616 0.46209016393442626 0.7125506072874493 0.4918032786885246 0.7160931174089069 0.5051229508196722 0.7241902834008097 0.5122950819672131 0.7312753036437247 0.5122950819672131 0.7494939271255061 0.4959016393442623 0.7525303643724697 0.48155737704918034 0.7520242914979757 0.4661885245901639 0.7454453441295547 0.42725409836065575 0.7419028340080972 0.41905737704918034 0.7348178137651822 0.3780737704918033 0.7393724696356275 0.3401639344262295 0.7343117408906883 0.3350409836065574 0.7155870445344129 0.33709016393442626 0.7125506072874493 0.3473360655737705
0 0.7424089068825911 0.3770491803278688 0.7388663967611336 0.3944672131147541 0.7530364372469636 0.4764344262295082 0.7646761133603239 0.48975409836065575 0.7732793522267206 0.4887295081967213 0.784919028340081 0.46311475409836067 0.7904858299595142 0.45799180327868855 0.792004048582996 0.4385245901639344 0.7894736842105263 0.42725409836065575 0.7788461538461539 0.4047131147540984 0.7677125506072875 0.3698770491803279 0.7560728744939271 0.35758196721311475 0.7520242914979757 0.35758196721311475
0 0.7176113360323887 0.5461065573770492 0.7160931174089069 0.5635245901639344 0.7186234817813765 0.5758196721311475 0.7322874493927125 0.5870901639344263 0.7358299595141701 0.6065573770491803 0.7454453441295547 0.6127049180327869 0.7560728744939271 0.6280737704918032 0.763663967611336 0.6311475409836066 0.7780050607287449 0.643890368852459 0.7800283400809717 0.6381557377049181 0.7664731781376518 0.5930952868852459 0.7950404858299596 0.6188524590163934 0.8061740890688259 0.6157786885245902 0.805161943319838 0.6024590163934426 0.7641700404858299 0.5204918032786885 0.7580971659919028 0.5153688524590164 0.736336032388664 0.5133196721311475 0.7332995951417004 0.5215163934426229 0.722165991902834 0.5307377049180327
0 0.6730769230769231 0.5686475409836066 0.6751012145748988 0.5963114754098361 0.6816801619433198 0.6075819672131147 0.7039473684210527 0.6772540983606558 0.7191295546558705 0.694672131147541 0.728744939271255 0.6977459016393442 0.7129610323886639 0.6391762295081967 0.7333947368421053 0.6920194672131147 0.7439271255060729 0.6926229508196722 0.7265156882591093 0.6088627049180327 0.7252024291497976 0.5727459016393442 0.7171052631578947 0.5471311475409836 0.7125506072874493 0.5450819672131147 0.6978744939271255 0.5573770491803278 0.6786437246963563 0.555327868852459
0 0.6219635627530364 0.5717213114754098 0.6209514170040485 0.5819672131147541 0.6239878542510121 0.6034836065573771 0.6366396761133604 0.6434426229508197 0.6472672064777328 0.7038934426229508 0.652834008097166 0.7161885245901639 0.6654858299595142 0.7284836065573771 0.6710814777327936 0.7272479508196721 0.6579306680161943 0.6445010245901639 0.6664281376518219 0.661296106557377 0.6751275303643725 0.7022602459016393 0.6852226720647774 0.7264344262295082 0.6867408906882592 0.7223360655737705 0.6857287449392713 0.6700819672131147 0.6781376518218624 0.6301229508196722 0.6766194331983806 0.610655737704918 0.6781376518218624 0.5809426229508197 0.6751012145748988 0.569672131147541 0.6705465587044535 0.5614754098360656 0.6523279352226721 0.5522540983606558 0.6391700404858299 0.5625 0.6275303643724697 0.5604508196721312
0 0.5905870445344129 0.6004098360655737 0.5931174089068826 0.7202868852459017 0.5956477732793523 0.7233606557377049 0.6072874493927125 0.7182377049180327 0.6123481781376519 0.701844262295082 0.6194331983805668 0.6577868852459017 0.6234817813765182 0.6065573770491803 0.617914979757085 0.5788934426229508 0.6072874493927125 0.5706967213114754 0.5996963562753036 0.5737704918032787 0.5951417004048583 0.5809426229508197
0 0.5678137651821862 0.5952868852459017 0.5662955465587044 0.6024590163934426 0.5678137651821862 0.7366803278688525 0.5759109311740891 0.7602459016393442 0.583502024291498 0.7510245901639344 0.5890688259109311 0.7233606557377049 0.5921052631578947 0.6741803278688525 0.5915991902834008 0.5870901639344263 0.5759109311740891 0.5799180327868853
0 0.5501012145748988 0.5963114754098361 0.5480769230769231 0.6526639344262295 0.5455465587044535 0.6813524590163934 0.542004048582996 0.6926229508196722 0.542004048582996 0.7069672131147541 0.5475708502024291 0.7120901639344263 0.5602226720647774 0.7008196721311475 0.5683198380566802 0.6362704918032787 0.5652834008097166 0.6004098360655737 0.5576923076923077 0.5932377049180327
0 0.5308704453441295 0.5717213114754098 0.5253036437246964 0.5758196721311475 0.5298582995951417 0.6127049180327869 0.5253036437246964 0.6864754098360656 0.5268218623481782 0.7008196721311475 0.5328947368421053 0.7100409836065574 0.5369433198380567 0.701844262295082 0.5470647773279352 0.6383196721311475 0.5531376518218624 0.5758196721311475 0.5526315789473685 0.5717213114754098 0.5445344129554656 0.569672131147541
0 0.5106275303643725 0.6239754098360656 0.5091093117408907 0.6915983606557377 0.5116396761133604 0.7049180327868853 0.5217611336032388 0.7059426229508197 0.5247975708502024 0.6977459016393442 0.5308704453441295 0.6229508196721312 0.5298582995951417 0.5881147540983607 0.5253036437246964 0.5850409836065574 0.5151821862348178 0.5922131147540983
0 0.4888663967611336 0.5922131147540983 0.4924089068825911 0.7254098360655737 0.4979757085020243 0.7407786885245902 0.5055668016194332 0.7110655737704918 0.5116396761133604 0.5870901639344263 0.5091093117408907 0.5819672131147541 0.5005060728744939 0.5788934426229508
0 0.465080971659919 0.6342213114754098 0.4645748987854251 0.7663934426229508 0.46558704453441296 0.7745901639344263 0.4701417004048583 0.7776639344262295 0.4782388663967611 0.742827868852459 0.48785425101214575 0.6475409836065574 0.4888663967611336 0.6219262295081968 0.4868421052631579 0.6065573770491803 0.47874493927125505 0.5952868852459017 0.47368421052631576 0.5983606557377049 0.4676113360323887 0.6137295081967213
0 0.4256072874493927 0.7295081967213115 0.4240890688259109 0.7622950819672131 0.42813765182186236 0.7766393442622951 0.4352226720647773 0.7786885245901639 0.45951417004048584 0.673155737704918 0.46558704453441296 0.6557377049180327 0.46356275303643724 0.632172131147541 0.458502024291498 0.6157786885245902 0.4509109311740891 0.6147540983606558 0.4458502024291498 0.6260245901639344 0.42965587044534415 0.6926229508196722
0 0.40941295546558704 0.6956967213114754 0.4089068825910931 0.7459016393442623 0.41295546558704455 0.7622950819672131 0.42105263157894735 0.7479508196721312 0.4331983805668016 0.6752049180327869 0.4433198380566802 0.6383196721311475 0.444331983805668 0.6260245901639344 0.4423076923076923 0.6168032786885246 0.4311740890688259 0.6075819672131147 0.4200404858299595 0.610655737704918
0 0.3633603238866397 0.7110655737704918 0.36285425101214575 0.7233606557377049 0.3648785425101215 0.7274590163934426 0.3828825910931174 0.6737858606557378 0.3919868421052632 0.6873032786885246 0.38773836032388664 0.7499784836065574 0.39542611336032385 0.7487489754098361 0.41194331983805665 0.6577868852459017 0.4180161943319838 0.6413934426229508 0.42105263157894735 0.6065573770491803 0.42132236842105264 0.5961608606557377 0.41548582995951416 0.5983606557377049 0.4043279352226721 0.5826434426229508 0.39825860323886636 0.5920645491803279 0.3841093117408907 0.5829918032786885 0.3790485829959514 0.5942622950819673 0.3785425101214575 0.6280737704918032
0 0.3248987854251012 0.6424180327868853 0.3233805668016194 0.6618852459016393 0.3259109311740891 0.6741803278688525 0.3372606275303644 0.6508473360655738 0.3496017206477733 0.6352817622950819 0.3451417004048583 0.6721311475409836 0.3419134615384615 0.6950891393442623 0.3785425101214575 0.6188524590163934 0.38309716599190285 0.5860655737704918 0.3618421052631579 0.5522540983606558 0.34463562753036436 0.5502049180327869
0 0.2796002024291498 0.5691331967213116 0.2721148785425101 0.5801926229508197 0.2674615384615385 0.5908432377049181 0.26665232793522264 0.5973975409836065 0.26867510121457494 0.6047715163934426 0.2692307692307692 0.6075819672131147 0.29720192307692306 0.5801926229508197 0.2839068825910931 0.6260245901639344 0.30832945344129553 0.6215665983606558 0.31561234817813766 0.6174702868852459 0.3259109311740891 0.5911885245901639 0.33805668016194335 0.5758196721311475 0.3431174089068826 0.5543032786885246 0.34463562753036436 0.5399590163934426 0.3415991902834008 0.5286885245901639 0.3314777327935223 0.5215163934426229 0.3259109311740891 0.5061475409836066 0.3157894736842105 0.5 0.305668016194332 0.5051229508196722 0.29959514170040485 0.5225409836065574 0.2957854251012146 0.5392295081967213 0.2854676113360324 0.5674938524590164 0.2793982793522267 0.5744579918032787