0 0.3675675675675676 0.34121621621621623 0.36864864864864866 0.4141891891891892 0.3668468468468468 0.497972972972973 0.3682882882882883 0.5101351351351351 0.37405405405405406 0.5175675675675676 0.3769369369369369 0.525 0.3816216216216216 0.5263513513513514 0.3965163963963964 0.5121621621621621 0.4025225225225225 0.5101351351351351 0.40396396396396395 0.4939189189189189 0.3863063063063063 0.36486486486486486 0.3769369369369369 0.33378378378378376 0.372972972972973 0.3304054054054054 0.36936936936936937 0.3324324324324324
0 0.3917117117117117 0.3885135135135135 0.38954954954954957 0.5101351351351351 0.4010810810810811 0.5222972972972973 0.40684684684684685 0.5243243243243243 0.42342342342342343 0.504054054054054 0.42702702702702705 0.4858108108108108 0.4082882882882883 0.3716216216216216 0.4036036036036036 0.3641891891891892 0.3963963963963964 0.3655405405405405 0.39207207207207206 0.3804054054054054
0 0.42342342342342343 0.4114864864864865 0.42342342342342343 0.44932432432432434 0.4205405405405405 0.5060810810810811 0.4273873873873874 0.5182432432432432 0.4320720720720721 0.5216216216216216 0.4464864864864865 0.5087837837837837 0.4554954954954955 0.4925675675675676 0.45045045045045046 0.3547297297297297 0.4479279279279279 0.32635135135135135 0.4454054054054054 0.3195945945945946 0.4353153153153153 0.3141891891891892 0.43135135135135133 0.31824324324324327 0.4266666666666667 0.34797297297297297
0 0.45441441441441444 0.4648648648648649 0.4533333333333333 0.5094594594594595 0.4547747747747748 0.5162162162162162 0.4587387387387387 0.522972972972973 0.4655855855855856 0.527027027027027 0.4753153153153153 0.5222972972972973 0.4781981981981982 0.5135135135135135 0.4821621621621622 0.3533783783783784 0.48 0.34054054054054056 0.4702702702702703 0.34121621621621623 0.4663063063063063 0.3527027027027027 0.45837837837837836 0.4
0 0.4846846846846847 0.3533783783783784 0.47855855855855856 0.5202702702702703 0.48792792792792794 0.5317567567567567 0.49945945945945946 0.5324324324324324 0.5055855855855856 0.5297297297297298 0.5081081081081081 0.5216216216216216 0.5084684684684685 0.4972972972972973 0.49801801801801804 0.3364864864864865 0.4936936936936937 0.33513513513513515 0.4908108108108108 0.3385135135135135
0 0.5073873873873874 0.5087837837837837 0.5070270270270271 0.525 0.5099099099099099 0.5317567567567567 0.5254054054054054 0.5358108108108108 0.5333333333333333 0.5331081081081082 0.5372972972972972 0.5243243243243243 0.5387387387387388 0.3844594594594595 0.5369369369369369 0.36824324324324326 0.5293693693693694 0.35202702702702704 0.525045045045045 0.35743243243243245 0.5181981981981982 0.39594594594594595
0 0.5679279279279279 0.41621621621621624 0.5628828828828829 0.48783783783783785 0.5643243243243243 0.518918918918919 0.5682882882882883 0.5297297297297298 0.5837837837837838 0.5385135135135135 0.587027027027027 0.5371621621621622 0.592072072072072 0.5222972972972973 0.5931531531531532 0.4574324324324324 0.5931531531531532 0.34121621621621623 0.5917117117117117 0.32635135135135135 0.5877477477477477 0.31891891891891894 0.5827027027027027 0.31824324324324327 0.5744144144144144 0.33783783783783783
0 0.6028828828828828 0.49594594594594593 0.6032432432432432 0.5155405405405405 0.6227027027027027 0.543918918918919 0.6302702702702703 0.5445945945945946 0.6374774774774775 0.5304054054054054 0.6461261261261261 0.4195945945945946 0.6482882882882883 0.35743243243243245 0.6464864864864864 0.3493243243243243 0.6389189189189189 0.35405405405405405 0.6281081081081081 0.377027027027027
0 0.6659459459459459 0.4797297297297297 0.6663063063063063 0.5027027027027027 0.6767567567567567 0.518918918918919 0.7012612612612613 0.518918918918919 0.7088288288288288 0.5101351351351351 0.710990990990991 0.4966216216216216 0.7127927927927928 0.3716216216216216 0.7084684684684684 0.35405405405405405 0.7052252252252252 0.34864864864864864 0.6926126126126126 0.35
0 0.7113513513513513 0.3844594594594595 0.7120720720720721 0.40878378378378377 0.7145945945945946 0.4195945945945946 0.7189189189189189 0.4263513513513513 0.7394594594594595 0.44256756756756754 0.7473873873873874 0.44054054054054054 0.76 0.4277027027027027 0.7628828828828829 0.4047297297297297 0.7625225225225225 0.3878378378378378 0.7524324324324324 0.2945945945945946 0.7499099099099099 0.2891891891891892 0.7401801801801802 0.2831081081081081 0.7282882882882883 0.2945945945945946 0.72 0.30945945945945946
0 0.40612612612612614 0.654054054054054 0.4057657657657658 0.6972972972972973 0.4072072072072072 0.7162162162162162 0.4118918918918919 0.7182432432432433 0.42018018018018016 0.6966216216216217 0.44216216216216214 0.5777027027027027 0.44144144144144143 0.5682432432432433 0.4320720720720721 0.5560810810810811 0.4158558558558559 0.5628378378378378 0.41081081081081083 0.5682432432432433
0 0.42882882882882883 0.6527027027027027 0.42414414414414414 0.7236486486486486 0.42486486486486486 0.7364864864864865 0.430990990990991 0.7479729729729729 0.436036036036036 0.75 0.4392792792792793 0.7466216216216216 0.44144144144144143 0.7364864864864865 0.45441441441441444 0.6445945945945946 0.4590990990990991 0.595945945945946 0.45765765765765765 0.5608108108108109 0.4562162162162162 0.5581081081081081 0.4508108108108108 0.5560810810810811 0.43783783783783786 0.5682432432432433
0 0.4572972972972973 0.5466216216216216 0.45765765765765765 0.6925675675675675 0.4609009009009009 0.7033783783783784 0.4666666666666667 0.7040540540540541 0.46918918918918917 0.7006756756756757 0.4699099099099099 0.6939189189189189 0.47927927927927927 0.547972972972973 0.461981981981982 0.5432432432432432 0.4587387387387387 0.5432432432432432
0 0.4735135135135135 0.5952702702702702 0.47243243243243244 0.6594594594594595 0.4742342342342342 0.6966216216216217 0.48036036036036034 0.7121621621621622 0.48396396396396396 0.7135135135135136 0.4922522522522523 0.7006756756756757 0.4944144144144144 0.6851351351351351 0.4915315315315315 0.552027027027027 0.4821621621621622 0.5486486486486486 0.47855855855855856 0.5527027027027027
0 0.49402162162162166 0.5630013513513513 0.494381981981982 0.6981364864864864 0.4969045045045045 0.715704054054054 0.50230990990991 0.7231364864864864 0.5098774774774775 0.6900283783783784 0.5091567567567568 0.5711094594594595 0.5069945945945946 0.5596229729729729 0.5041117117117118 0.557595945945946 0.4961837837837838 0.557595945945946
0 0.5099099099099099 0.5601351351351351 0.5081081081081081 0.7135135135135136 0.5102702702702703 0.7263513513513513 0.5174774774774775 0.7297297297297297 0.5236036036036036 0.7108108108108108 0.5254054054054054 0.6932432432432433 0.5275675675675676 0.5635135135135135 0.5261261261261261 0.5594594594594594 0.518918918918919 0.5567567567567567 0.5131531531531531 0.5567567567567567
0 0.5257657657657657 0.5716216216216217 0.527927927927928 0.6736486486486486 0.534054054054054 0.7554054054054054 0.5369369369369369 0.7682432432432432 0.5409009009009009 0.772972972972973 0.5484684684684684 0.7716216216216216 0.5517117117117117 0.7371621621621621 0.5524324324324325 0.6013513513513513 0.5502702702702703 0.5736486486486486 0.5484684684684684 0.5662162162162162 0.5336936936936937 0.5581081081081081 0.5286486486486487 0.5594594594594594
0 0.5517117117117117 0.5655405405405406 0.5574774774774774 0.7067567567567568 0.5603603603603604 0.7297297297297297 0.5672072072072072 0.7263513513513513 0.5704504504504504 0.7202702702702702 0.5722522522522523 0.7094594594594594 0.5823423423423424 0.5722972972972973 0.5762162162162162 0.5608108108108109 0.5646846846846847 0.5554054054054054 0.56 0.5554054054054054
0 0.6244061261261261 0.7256162162162162 0.6192198198198199 0.6875743243243243 0.6181279279279279 0.6655608108108108 0.6184010810810812 0.6450831081081081 0.6140335135135135 0.6302364864864864 0.6069365765765766 0.6077114864864865 0.6009311711711712 0.5785304054054055 0.6001124324324324 0.5601006756756757 0.6033881081081082 0.5478141891891892 0.609939099099099 0.5529331081081081 0.6132147747747748 0.5524216216216216 0.6203117117117117 0.5411587837837838 0.6279545945945946 0.5391108108108108 0.6342327927927929 0.5421824324324324 0.6443326126126125 0.54935 0.6511567567567568 0.5539574324324325 0.6566158558558558 0.566243918918919 0.656889009009009 0.5872337837837838 0.657434954954955 0.6015675675675676 0.6593455855855855 0.6148783783783783 0.6618021621621621 0.6317722972972973 0.6637131531531532 0.6476425675675676 0.6669884684684685 0.661977027027027 0.6697181981981982 0.6752878378378379 0.671901981981982 0.6880858108108108 0.6738126126126126 0.6993486486486487 0.6735398198198198 0.7090756756756756 0.6702641441441441 0.7136831081081081 0.6661697297297298 0.7136831081081081 0.6620753153153153 0.7090756756756756 0.6566158558558558 0.6973013513513514 0.6533405405405406 0.6850141891891892 0.6511567567567568 0.6737513513513513 0.6476082882882883 0.6624891891891892 0.6432407207207207 0.65225 0.6435138738738738 0.6635128378378379 0.6451513513513514 0.678870945945946 0.648427027027027 0.6952533783783783 0.6497917117117117 0.708052027027027 0.6492457657657658 0.7188027027027026 0.6492457657657658 0.7326250000000001 0.647881081081081 0.7397918918918919 0.6451513513513514 0.7413277027027027 0.6432407207207207 0.7377445945945946 0.6410569369369369 0.7316013513513513 0.6394190990990991 0.7321128378378379 0.6386003603603604 0.7362087837837837 0.6366897297297297 0.7387682432432432 0.6345059459459459 0.738256081081081 0.6298655855855856 0.7326250000000001 0.6274086486486486 0.7280175675675675
0 0.26204576576576577 0.675075 0.26436612612612614 0.6449675675675676 0.2676418018018018 0.6296094594594595 0.2750115315315316 0.6127155405405406 0.2791063063063063 0.5988932432432432 0.2829275675675676 0.583022972972973 0.2834735135135135 0.566129054054054 0.28483855855855855 0.5456513513513513 0.28729513513513516 0.5318283783783784 0.29275423423423425 0.5169824324324325 0.2957571171171171 0.5139108108108108 0.30503783783783783 0.5185182432432432 0.3159563963963964 0.5231256756756757 0.3260562162162162 0.5241493243243243 0.33451783783783784 0.5328527027027027 0.3367016216216216 0.538995945945946 0.3369747747747748 0.554354054054054 0.3315153153153153 0.5779033783783784 0.3230533333333333 0.5896783783783784 0.31950486486486485 0.6009405405405406 0.318412972972973 0.6188587837837838 0.311861981981982 0.6424081081081081 0.309950990990991 0.6587905405405405 0.302854054054054 0.6843871621621622 0.30039747747747747 0.6915547297297298 0.2952111711711712 0.6992337837837838 0.29057081081081076 0.6982094594594594 0.28647603603603605 0.6900189189189189 0.28729513513513516 0.6715885135135136 0.2902976576576577 0.6552067567567568 0.29057081081081076 0.6424081081081081 0.2908436036036036 0.6403601351351351 0.2834735135135135 0.6598141891891892 0.27801441441441443 0.6715885135135136 0.27064432432432434 0.6792682432432432 0.2673686486486486 0.6802918918918919
0 0.3135679279279279 0.7147405405405406 0.32114270270270273 0.685922972972973 0.3249643243243243 0.6644216216216217 0.32851279279279283 0.6465033783783785 0.3309693693693694 0.62705 0.33233405405405403 0.6127155405405406 0.33315315315315314 0.5963331081081081 0.3326072072072072 0.580975 0.3320612612612613 0.5656168918918919 0.3326072072072072 0.5507702702702703 0.33588288288288287 0.5461628378378378 0.34025009009009005 0.544627027027027 0.3465282882882883 0.5482108108108108 0.3525336936936937 0.548722972972973 0.3604497297297298 0.546675 0.36863855855855854 0.5471871621621621 0.3738248648648649 0.5482108108108108 0.3781924324324324 0.5528182432432432 0.3820136936936937 0.5599851351351351 0.38474342342342344 0.571247972972973 0.386654054054054 0.5819986486486486 0.3798299099099099 0.5968452702702702 0.37437081081081075 0.610156081081081 0.372187027027027 0.6214182432432432 0.37054918918918917 0.6352412162162162 0.3691845045045045 0.6500871621621622 0.3683654054054054 0.6654452702702703 0.3670007207207207 0.6843871621621622 0.36399819819819823 0.7017932432432432 0.3541715315315315 0.7279027027027027 0.34980396396396396 0.7345574324324324 0.3440717117117117 0.739677027027027 0.3377935135135135 0.7366054054054053 0.3372475675675676 0.7294385135135135 0.3397041441441441 0.7135682432432432 0.3468014414414414 0.6961621621621621 0.34980396396396396 0.6854114864864865 0.3506227027027027 0.6731243243243243 0.3495308108108108 0.655718918918919 0.3470742342342342 0.6480391891891891 0.3457095495495496 0.6490635135135135 0.34052324324324323 0.6603263513513513 0.3353369369369369 0.678243918918919 0.3312425225225225 0.6956499999999999 0.32823963963963965 0.7099844594594595 0.3252371171171171 0.7186871621621621 0.32086954954954955 0.7232945945945947 0.3165023423423423 0.7238067567567567