0 0.6720647773279352 0.6331967213114754 0.6715587044534413 0.6526639344262295 0.6761133603238867 0.6659836065573771 0.7201417004048583 0.7243852459016393 0.7322874493927125 0.7233606557377049 0.7403846153846154 0.6967213114754098 0.7343117408906883 0.6649590163934426 0.7282388663967612 0.6577868852459017 0.7231781376518218 0.6444672131147541 0.7171052631578947 0.6096311475409836 0.707995951417004 0.5922131147540983 0.7019230769230769 0.5881147540983607 0.6938259109311741 0.5901639344262295 0.687246963562753 0.6055327868852459 0.6786437246963563 0.6147540983606558
0 0.6128542510121457 0.6700819672131147 0.6123481781376519 0.6875 0.6169028340080972 0.7274590163934426 0.6174089068825911 0.7879098360655737 0.6234817813765182 0.8217213114754098 0.6305668016194332 0.8237704918032787 0.6346153846153846 0.819672131147541 0.6371457489878543 0.8002049180327869 0.6437246963562753 0.6762295081967213 0.6381578947368421 0.6629098360655737 0.631578947368421 0.6567622950819673 0.6229757085020243 0.6598360655737705
0 0.5784412955465587 0.6711065573770492 0.5784412955465587 0.6834016393442623 0.5870445344129555 0.7274590163934426 0.590080971659919 0.7838114754098361 0.5961538461538461 0.8073770491803278 0.6072874493927125 0.8135245901639344 0.6098178137651822 0.8043032786885246 0.611336032388664 0.6659836065573771 0.6032388663967612 0.6536885245901639 0.5915991902834008 0.6485655737704918
0 0.5546558704453441 0.7520491803278688 0.5571862348178138 0.7725409836065574 0.5541497975708503 0.798155737704918 0.5642712550607287 0.8186475409836066 0.5708502024291497 0.8145491803278688 0.5748987854251012 0.8063524590163934 0.5799595141700404 0.7786885245901639 0.5845141700404858 0.7284836065573771 0.5840080971659919 0.7079918032786885 0.5784412955465587 0.6854508196721312 0.5814777327935222 0.6598360655737705 0.5759109311740891 0.6475409836065574 0.5678137651821862 0.6454918032786885 0.5617408906882592 0.6506147540983607 0.5571862348178138 0.6608606557377049
0 0.5369433198380567 0.6875 0.5364372469635628 0.7971311475409836 0.541497975708502 0.8176229508196722 0.5465587044534413 0.8114754098360656 0.5495951417004049 0.8002049180327869 0.5571862348178138 0.6844262295081968 0.5561740890688259 0.6618852459016393 0.5460526315789473 0.6618852459016393 0.534338056680162 0.6628309426229508
0 0.5151821862348178 0.7510245901639344 0.5146761133603239 0.7827868852459017 0.5192307692307693 0.8022540983606558 0.521255060728745 0.8063524590163934 0.52834008097166 0.8063524590163934 0.5334008097165992 0.7715163934426229 0.5389676113360324 0.6649590163934426 0.5308704453441295 0.6639344262295082 0.5232267206477733 0.6548125 0.520748987854251 0.6813524590163934
0 0.4984817813765182 0.7049180327868853 0.5 0.7192622950819673 0.4979757085020243 0.735655737704918 0.4979757085020243 0.7827868852459017 0.5010121457489879 0.819672131147541 0.5055668016194332 0.8258196721311475 0.5101214574898786 0.8032786885245902 0.5131578947368421 0.7694672131147541 0.5205865384615385 0.6614948770491803 0.5005637651821863 0.6516936475409836 0.5030364372469636 0.6782786885245902
0 0.48026315789473684 0.680327868852459 0.4797570850202429 0.7930327868852459 0.48228744939271256 0.8155737704918032 0.49038461538461536 0.8063524590163934 0.4944331983805668 0.7868852459016393 0.4939271255060729 0.7715163934426229 0.5010121457489879 0.6772540983606558 0.5 0.6547131147540983 0.4979757085020243 0.6506147540983607 0.48279352226720645 0.6536885245901639
0 0.4559716599190283 0.6536885245901639 0.4549595141700405 0.6629098360655737 0.4600202429149798 0.6793032786885246 0.4549595141700405 0.7038934426229508 0.45546558704453444 0.8104508196721312 0.4600202429149798 0.8227459016393442 0.46710526315789475 0.8165983606557377 0.472165991902834 0.7920081967213115 0.4797570850202429 0.6598360655737705 0.4767206477732793 0.6495901639344263 0.4681174089068826 0.6403688524590164 0.45951417004048584 0.6465163934426229
0 0.4271255060728745 0.6680327868852459 0.4308147773279352 0.7029231557377049 0.423582995951417 0.7715163934426229 0.41953441295546556 0.798155737704918 0.4200404858299595 0.8063524590163934 0.423582995951417 0.8104508196721312 0.42813765182186236 0.8073770491803278 0.4382591093117409 0.7858606557377049 0.4600202429149798 0.680327868852459 0.45951417004048584 0.6659836065573771 0.4473684210526316 0.6495901639344263 0.4392712550607287 0.6485655737704918 0.4326923076923077 0.6536885245901639
0 0.3977732793522267 0.6690573770491803 0.39878542510121456 0.6936475409836066 0.395748987854251 0.7868852459016393 0.40384615384615385 0.7961065573770492 0.40941295546558704 0.7848360655737705 0.4271255060728745 0.6823770491803278 0.4271255060728745 0.6649590163934426 0.42105263157894735 0.6536885245901639 0.40789473684210525 0.6495901639344263
0 0.3092105263157895 0.6588114754098361 0.3061740890688259 0.6690573770491803 0.30088815789473683 0.7076137295081967 0.32575151821862347 0.6822202868852458 0.313210020242915 0.7312254098360657 0.326417004048583 0.7141393442622951 0.3567813765182186 0.680327868852459 0.3709514170040486 0.6567622950819673 0.3734817813765182 0.6454918032786885 0.3623481781376518 0.610655737704918 0.3547570850202429 0.5993852459016393 0.3522267206477733 0.5901639344262295 0.3451417004048583 0.5840163934426229 0.33299595141700405 0.5963114754098361 0.3228744939271255 0.6383196721311475
0 0.333502024291498 0.5153688524590164 0.3340080971659919 0.5307377049180327 0.3431174089068826 0.5430327868852459 0.35020242914979755 0.5604508196721312 0.36538461538461536 0.5594262295081968 0.3775303643724696 0.514344262295082 0.3810728744939271 0.4713114754098361 0.3810728744939271 0.4385245901639344 0.3724696356275304 0.4375 0.3689271255060729 0.4426229508196721 0.35931174089068824 0.4651639344262295 0.3390688259109312 0.49385245901639346
0 0.3395748987854251 0.39241803278688525 0.3390688259109312 0.41290983606557374 0.3491902834008097 0.4456967213114754 0.3638663967611336 0.444672131147541 0.3805668016194332 0.4323770491803279 0.3851214574898785 0.42110655737704916 0.38714574898785425 0.4036885245901639 0.38208502024291496 0.375 0.3734817813765182 0.3637295081967213 0.3491902834008097 0.3739754098360656 0.3441295546558704 0.3790983606557377
0 0.3658906882591093 0.5563524590163934 0.36639676113360325 0.5799180327868853 0.3724696356275304 0.5932377049180327 0.3825910931174089 0.5973360655737705 0.3881578947368421 0.6045081967213115 0.40030364372469635 0.6045081967213115 0.4058704453441296 0.5963114754098361 0.4104251012145749 0.5655737704918032 0.40941295546558704 0.47950819672131145 0.4058704453441296 0.46209016393442626 0.39271255060728744 0.4661885245901639
0 0.40941295546558704 0.4661885245901639 0.40941295546558704 0.5440573770491803 0.4068825910931174 0.5594262295081968 0.4068825910931174 0.5911885245901639 0.4104251012145749 0.5993852459016393 0.416497975708502 0.6034836065573771 0.43370445344129555 0.5922131147540983 0.43623481781376516 0.5850409836065574 0.43724696356275305 0.5676229508196722 0.4266194331983806 0.46209016393442626 0.4180161943319838 0.45901639344262296 0.41143724696356276 0.4610655737704918
0 0.4347165991902834 0.5163934426229508 0.4352226720647773 0.5922131147540983 0.4423076923076923 0.6055327868852459 0.4524291497975709 0.6055327868852459 0.4665991902834008 0.5870901639344263 0.4706477732793522 0.569672131147541 0.4645748987854251 0.5030737704918032 0.4559716599190283 0.4569672131147541 0.451417004048583 0.45286885245901637 0.4418016194331984 0.45491803278688525 0.4433198380566802 0.4805327868852459
0 0.45699848178137653 0.5185020491803278 0.45149746963562754 0.5510235655737705 0.44753694331983807 0.5701803278688524 0.4477570850202429 0.5915645491803279 0.4477570850202429 0.6040389344262296 0.45394736842105265 0.6034836065573771 0.4572181174089069 0.6205225409836066 0.4706477732793522 0.6168032786885246 0.4757085020242915 0.6075819672131147 0.4782388663967611 0.5911885245901639 0.47350050607287447 0.5447868852459016 0.4782388663967611 0.4805327868852459 0.4746007085020243 0.4387581967213115 0.46249898785425103 0.4801895491803279
0 0.4807692307692308 0.4661885245901639 0.47520242914979755 0.5870901639344263 0.47621457489878544 0.6075819672131147 0.4797570850202429 0.6188524590163934 0.4908906882591093 0.6229508196721312 0.49696356275303644 0.617827868852459 0.5010121457489879 0.5727459016393442 0.4974696356275304 0.5245901639344263 0.4893724696356275 0.47848360655737704 0.48582995951417 0.4641393442622951
0 0.5055668016194332 0.4979508196721312 0.49949392712550605 0.6198770491803278 0.5020242914979757 0.6342213114754098 0.513663967611336 0.6413934426229508 0.5247975708502024 0.6352459016393442 0.52834008097166 0.6270491803278688 0.527834008097166 0.5870901639344263 0.5242914979757085 0.5645491803278688 0.5258097165991903 0.45799180327868855 0.5242914979757085 0.44774590163934425 0.5177125506072875 0.4395491803278688 0.513663967611336 0.4415983606557377 0.5101214574898786 0.45081967213114754
0 0.52834008097166 0.5286885245901639 0.5273279352226721 0.5676229508196722 0.5303643724696356 0.6239754098360656 0.5354251012145749 0.6352459016393442 0.5480769230769231 0.6352459016393442 0.5536437246963563 0.6270491803278688 0.555668016194332 0.617827868852459 0.5541497975708503 0.5604508196721312 0.5506072874493927 0.5338114754098361 0.5501012145748988 0.48463114754098363 0.5490890688259109 0.4733606557377049 0.5379554655870445 0.45184426229508196 0.5344129554655871 0.45286885245901637 0.5308704453441295 0.46209016393442626
0 0.5536437246963563 0.45081967213114754 0.5536437246963563 0.6014344262295082 0.5566801619433198 0.617827868852459 0.5642712550607287 0.6188524590163934 0.5784412955465587 0.6055327868852459 0.5723684210526315 0.5122950819672131 0.5723684210526315 0.46311475409836067 0.5688259109311741 0.45286885245901637 0.5637651821862348 0.4487704918032787
0 0.5794534412955465 0.45799180327868855 0.5759109311740891 0.4702868852459016 0.5789473684210527 0.5952868852459017 0.5824898785425101 0.6086065573770492 0.5956477732793523 0.6168032786885246 0.6118421052631579 0.5911885245901639 0.6103238866396761 0.5676229508196722 0.597165991902834 0.5153688524590164 0.5936234817813765 0.45901639344262296 0.5921052631578947 0.45491803278688525
0 0.5895748987854251 0.5471311475409836 0.5910931174089069 0.5819672131147541 0.6138663967611336 0.6024590163934426 0.6189271255060729 0.6004098360655737 0.6280364372469636 0.5788934426229508 0.6239878542510121 0.5235655737704918 0.625 0.45799180327868855 0.6148785425101214 0.4344262295081967 0.604757085020243 0.4364754098360656 0.5996963562753036 0.45184426229508196 0.59665991902834 0.4774590163934426 0.5981781376518218 0.5040983606557377
0 0.617914979757085 0.5563524590163934 0.6174089068825911 0.576844262295082 0.6300607287449392 0.5963114754098361 0.6427125506072875 0.6004098360655737 0.6513157894736842 0.5911885245901639 0.6497975708502024 0.5122950819672131 0.6432186234817814 0.4661885245901639 0.6391700404858299 0.45799180327868855 0.6280364372469636 0.4610655737704918 0.6255060728744939 0.5102459016393442
0 0.6492914979757085 0.4426229508196721 0.6503036437246964 0.5717213114754098 0.652834008097166 0.5911885245901639 0.6609311740890689 0.6024590163934426 0.6700404858299596 0.6024590163934426 0.6781376518218624 0.5942622950819673 0.6892712550607287 0.5911885245901639 0.694331983805668 0.576844262295082 0.694838056680162 0.5584016393442623 0.6887651821862348 0.5317622950819673 0.6786437246963563 0.5030737704918032 0.673582995951417 0.4426229508196721 0.6675101214574899 0.42725409836065575 0.6578947368421053 0.4180327868852459
0 0.6852226720647774 0.4456967213114754 0.6867408906882592 0.5256147540983607 0.6973684210526315 0.5584016393442623 0.7105263157894737 0.5614754098360656 0.729757085020243 0.5327868852459017 0.7312753036437247 0.5276639344262295 0.729757085020243 0.5092213114754098 0.7165991902834008 0.46209016393442626 0.7024291497975709 0.4375 0.6892712550607287 0.42520491803278687
0 0.6933198380566802 0.39651639344262296 0.6923076923076923 0.4180327868852459 0.7100202429149798 0.45286885245901637 0.7176113360323887 0.4600409836065574 0.728744939271255 0.4415983606557377 0.7267206477732794 0.4036885245901639 0.7206477732793523 0.3831967213114754 0.707995951417004 0.382172131147541 0.7044534412955465 0.38422131147540983 0.7004048582995951 0.3944672131147541