0 0.31376518218623484 0.5338114754098361 0.3142712550607287 0.6147540983606558 0.3168016194331984 0.6229508196721312 0.326417004048583 0.625 0.33046558704453444 0.617827868852459 0.32894736842105265 0.6075819672131147 0.33046558704453444 0.5922131147540983 0.3355263157894737 0.5829918032786885 0.3350202429149798 0.5532786885245902 0.3269230769230769 0.5215163934426229 0.3259109311740891 0.5081967213114754 0.3142712550607287 0.5204918032786885
0 0.3360323886639676 0.5020491803278688 0.3360323886639676 0.5338114754098361 0.3426113360323887 0.5686475409836066 0.3395748987854251 0.6024590163934426 0.3410931174089069 0.6301229508196722 0.3456477732793522 0.6413934426229508 0.36082995951417 0.639344262295082 0.3699392712550607 0.6434426229508197 0.38208502024291496 0.6209016393442623 0.38309716599190285 0.610655737704918 0.37398785425101216 0.5778688524590164 0.3694331983805668 0.5327868852459017 0.3582995951417004 0.5040983606557377 0.3491902834008097 0.48975409836065575 0.3415991902834008 0.4887295081967213
0 0.39119433198380565 0.6229508196721312 0.39068825910931176 0.6342213114754098 0.3972672064777328 0.6782786885245902 0.39979757085020245 0.7622950819672131 0.4043522267206478 0.7735655737704918 0.40789473684210525 0.7735655737704918 0.4144736842105263 0.7592213114754098 0.416497975708502 0.7469262295081968 0.41700404858299595 0.6741803278688525 0.42459514170040485 0.6219262295081968 0.42105263157894735 0.6116803278688525 0.41143724696356276 0.6034836065573771 0.39473684210526316 0.6147540983606558
0 0.4271255060728745 0.6229508196721312 0.4271255060728745 0.6362704918032787 0.4342105263157895 0.6885245901639344 0.4397773279352227 0.7120901639344263 0.44281376518218624 0.7684426229508197 0.44686234817813764 0.7786885245901639 0.45445344129554655 0.7786885245901639 0.4590080971659919 0.7438524590163934 0.45799595141700405 0.6465163934426229 0.4600202429149798 0.6270491803278688 0.458502024291498 0.6168032786885246 0.45546558704453444 0.6086065573770492 0.45040485829959515 0.610655737704918 0.4392712550607287 0.6055327868852459 0.4311740890688259 0.6137295081967213
0 0.4574898785425101 0.4375 0.458502024291498 0.5881147540983607 0.46710526315789475 0.617827868852459 0.47115384615384615 0.6239754098360656 0.4777327935222672 0.617827868852459 0.48431174089068824 0.6034836065573771 0.4868421052631579 0.5911885245901639 0.48633603238866396 0.5645491803278688 0.47115384615384615 0.42725409836065575 0.4665991902834008 0.41905737704918034 0.46204453441295545 0.41905737704918034
0 0.48380566801619435 0.45081967213114754 0.48228744939271256 0.4661885245901639 0.4848178137651822 0.48565573770491804 0.4873481781376518 0.5993852459016393 0.4893724696356275 0.610655737704918 0.4979757085020243 0.6209016393442623 0.5080971659919028 0.6127049180327869 0.5116396761133604 0.6055327868852459 0.5116396761133604 0.5706967213114754 0.49949392712550605 0.45799180327868855 0.4944331983805668 0.4426229508196721 0.48582995951417 0.4415983606557377
0 0.4701417004048583 0.6331967213114754 0.4681174089068826 0.6413934426229508 0.4681174089068826 0.6608606557377049 0.4767206477732793 0.7295081967213115 0.48026315789473684 0.8022540983606558 0.48633603238866396 0.819672131147541 0.49139676113360325 0.8104508196721312 0.4939271255060729 0.7940573770491803 0.49898785425101216 0.6936475409836066 0.4949392712550607 0.6280737704918032 0.4908906882591093 0.6168032786885246 0.4817813765182186 0.6137295081967213
0 0.49696356275303644 0.6290983606557377 0.49696356275303644 0.6588114754098361 0.5010121457489879 0.6967213114754098 0.521255060728745 0.7899590163934426 0.5247975708502024 0.7950819672131147 0.527834008097166 0.7940573770491803 0.5303643724696356 0.7807377049180327 0.5298582995951417 0.7592213114754098 0.5146761133603239 0.6301229508196722 0.506578947368421 0.6209016393442623 0.5005060728744939 0.6219262295081968
0 0.5146761133603239 0.625 0.5141700404858299 0.6383196721311475 0.5242914979757085 0.7284836065573771 0.5328947368421053 0.7653688524590164 0.5369433198380567 0.7592213114754098 0.5384615384615384 0.7459016393442623 0.5334008097165992 0.6229508196721312 0.52834008097166 0.6168032786885246 0.5182186234817814 0.6188524590163934
0 0.5354251012145749 0.6239754098360656 0.5344129554655871 0.6424180327868853 0.5409919028340081 0.7049180327868853 0.548582995951417 0.7397540983606558 0.5526315789473685 0.7510245901639344 0.5566801619433198 0.7510245901639344 0.5602226720647774 0.7469262295081968 0.5612348178137652 0.7305327868852459 0.5561740890688259 0.6956967213114754 0.5561740890688259 0.6659836065573771 0.5531376518218624 0.6301229508196722 0.5450404858299596 0.6219262295081968
0 0.5409919028340081 0.5430327868852459 0.5409919028340081 0.5901639344262295 0.5480769230769231 0.5983606557377049 0.555668016194332 0.5993852459016393 0.5652834008097166 0.5922131147540983 0.5688259109311741 0.548155737704918 0.5683198380566802 0.4764344262295082 0.5642712550607287 0.45901639344262296 0.5566801619433198 0.4426229508196721 0.5506072874493927 0.44364754098360654 0.5480769230769231 0.45286885245901637
0 0.5662955465587044 0.5645491803278688 0.5678137651821862 0.5942622950819673 0.5789473684210527 0.6045081967213115 0.5875506072874493 0.6024590163934426 0.5895748987854251 0.5983606557377049 0.5931174089068826 0.5788934426229508 0.5921052631578947 0.514344262295082 0.6002024291497976 0.44774590163934425 0.5976720647773279 0.4385245901639344 0.5910931174089069 0.4385245901639344 0.582995951417004 0.4651639344262295
0 0.5541497975708503 0.6342213114754098 0.5561740890688259 0.6915983606557377 0.5597165991902834 0.7223360655737705 0.569331983805668 0.7663934426229508 0.5774291497975709 0.7756147540983607 0.5804655870445344 0.7704918032786885 0.5784412955465587 0.7315573770491803 0.5754048582995951 0.7192622950819673 0.5733805668016194 0.6383196721311475 0.5678137651821862 0.6290983606557377 0.5607287449392713 0.6270491803278688
0 0.5743927125506073 0.6506147540983607 0.5754048582995951 0.6813524590163934 0.5850202429149798 0.7838114754098361 0.5880566801619433 0.8012295081967213 0.5956477732793523 0.8094262295081968 0.5991902834008097 0.805327868852459 0.6007085020242915 0.7940573770491803 0.5986842105263158 0.6721311475409836 0.5941295546558705 0.6424180327868853 0.5880566801619433 0.632172131147541 0.583502024291498 0.6331967213114754
0 0.5996963562753036 0.48360655737704916 0.5936234817813765 0.5829918032786885 0.5951417004048583 0.5911885245901639 0.6072874493927125 0.6116803278688525 0.611336032388664 0.6065573770491803 0.6209514170040485 0.5788934426229508 0.6163967611336032 0.4426229508196721 0.6108299595141701 0.4395491803278688 0.6032388663967612 0.45081967213114754
0 0.597165991902834 0.6495901639344263 0.5991902834008097 0.6813524590163934 0.6103238866396761 0.7633196721311475 0.6148785425101214 0.7827868852459017 0.6214574898785425 0.7909836065573771 0.625 0.7786885245901639 0.6310728744939271 0.7756147540983607 0.6310728744939271 0.7674180327868853 0.6229757085020243 0.7305327868852459 0.6234817813765182 0.694672131147541 0.6280364372469636 0.6690573770491803 0.6280364372469636 0.6516393442622951 0.6224696356275303 0.639344262295082 0.6123481781376519 0.6290983606557377 0.6072874493927125 0.6301229508196722
0 0.6482793522267206 0.4661885245901639 0.638663967611336 0.5225409836065574 0.6265182186234818 0.5522540983606558 0.6285425101214575 0.5727459016393442 0.6351214574898786 0.5799180327868853 0.6411943319838057 0.5799180327868853 0.6497975708502024 0.5706967213114754 0.6624493927125507 0.5174180327868853 0.6644736842105263 0.47438524590163933 0.6548582995951417 0.45594262295081966 0.6503036437246964 0.45901639344262296
0 0.6280364372469636 0.6567622950819673 0.6265182186234818 0.6813524590163934 0.6351214574898786 0.6977459016393442 0.6482793522267206 0.7418032786885246 0.65334008097166 0.7704918032786885 0.6654858299595142 0.7889344262295082 0.6543522267206477 0.6475409836065574 0.6508097165991903 0.6424180327868853 0.6376518218623481 0.6413934426229508 0.6290485829959515 0.6495901639344263
0 0.673582995951417 0.48975409836065575 0.6740890688259109 0.4959016393442623 0.6659919028340081 0.5358606557377049 0.6538461538461539 0.5635245901639344 0.646255060728745 0.5870901639344263 0.646255060728745 0.5952868852459017 0.6578947368421053 0.6209016393442623 0.6796558704453441 0.6280737704918032 0.6857287449392713 0.6239754098360656 0.6902834008097166 0.6086065573770492 0.6902834008097166 0.555327868852459 0.6938259109311741 0.5174180327868853 0.6892712550607287 0.48975409836065575 0.6781376518218624 0.48360655737704916
0 0.6928137651821862 0.5952868852459017 0.6918016194331984 0.6260245901639344 0.7019230769230769 0.6475409836065574 0.7246963562753036 0.6413934426229508 0.7307692307692307 0.6270491803278688 0.7312753036437247 0.6034836065573771 0.7231781376518218 0.5563524590163934 0.7236842105263158 0.5122950819672131 0.722165991902834 0.5040983606557377 0.7165991902834008 0.4959016393442623 0.7125506072874493 0.4979508196721312 0.7039473684210527 0.5133196721311475 0.6963562753036437 0.5809426229508197
0 0.6978744939271255 0.6926229508196722 0.6973684210526315 0.7079918032786885 0.6993927125506073 0.7120901639344263 0.7049595141700404 0.7202868852459017 0.7120445344129555 0.7172131147540983 0.7257085020242915 0.7038934426229508 0.7358299595141701 0.6752049180327869 0.7545546558704453 0.6577868852459017 0.7358299595141701 0.6403688524590164 0.7312753036437247 0.6465163934426229 0.7257085020242915 0.6659836065573771
0 0.7388663967611336 0.6260245901639344 0.7388663967611336 0.6383196721311475 0.7505060728744939 0.6526639344262295 0.756578947368421 0.6567622950819673 0.7661943319838057 0.6536885245901639 0.7646761133603239 0.6372950819672131 0.7515182186234818 0.6034836065573771 0.7479757085020243 0.6034836065573771
0 0.7262145748987854 0.5512295081967213 0.7262145748987854 0.5819672131147541 0.7312753036437247 0.5963114754098361 0.7368421052631579 0.5963114754098361 0.7469635627530364 0.5870901639344263 0.7525303643724697 0.555327868852459 0.75 0.5368852459016393 0.7439271255060729 0.5235655737704918 0.7302631578947368 0.5307377049180327 0.7277327935222672 0.5358606557377049