0 0.548582995951417 0.5204918032786885 0.5480769230769231 0.5502049180327869 0.5546558704453441 0.6577868852459017 0.5642712550607287 0.6639344262295082 0.5683198380566802 0.6588114754098361 0.569838056680162 0.6454918032786885 0.5673076923076923 0.5204918032786885 0.5561740890688259 0.5122950819672131 0.5516194331983806 0.5133196721311475
0 0.5404858299595142 0.3084016393442623 0.5389676113360324 0.49385245901639346 0.5536437246963563 0.5030737704918032 0.5612348178137652 0.4979508196721312 0.5668016194331984 0.48155737704918034 0.5617408906882592 0.3094262295081967 0.5592105263157895 0.29405737704918034 0.5526315789473685 0.2858606557377049 0.5450404858299596 0.28688524590163933
0 0.49544534412955465 0.29405737704918034 0.5091093117408907 0.492827868852459 0.5131578947368421 0.5020491803278688 0.520242914979757 0.5051229508196722 0.5364372469635628 0.4989754098360656 0.5384615384615384 0.49385245901639346 0.5374493927125507 0.4487704918032787 0.5298582995951417 0.30635245901639346 0.521255060728745 0.2858606557377049 0.5111336032388664 0.2766393442622951 0.5055668016194332 0.2766393442622951
0 0.4807692307692308 0.29713114754098363 0.4848178137651822 0.4887295081967213 0.48785425101214575 0.4969262295081967 0.4939271255060729 0.5010245901639344 0.5080971659919028 0.5 0.5086032388663968 0.46311475409836067 0.5 0.29508196721311475 0.48633603238866396 0.28790983606557374 0.48228744939271256 0.2889344262295082
0 0.4478744939271255 0.3114754098360656 0.4458502024291498 0.3135245901639344 0.44635627530364375 0.3483606557377049 0.45394736842105265 0.49077868852459017 0.4590080971659919 0.5051229508196722 0.4665991902834008 0.5122950819672131 0.4777327935222672 0.4979508196721312 0.4832995951417004 0.47950819672131145 0.4731781376518219 0.35348360655737704 0.4645748987854251 0.3114754098360656 0.4600202429149798 0.3073770491803279
0 0.423582995951417 0.3145491803278688 0.42105263157894735 0.3729508196721312 0.4251012145748988 0.48565573770491804 0.4271255060728745 0.5040983606557377 0.4352226720647773 0.5122950819672131 0.4574898785425101 0.48258196721311475 0.458502024291498 0.4610655737704918 0.4493927125506073 0.3719262295081967 0.4392712550607287 0.3094262295081967 0.4352226720647773 0.29815573770491804 0.4271255060728745 0.29815573770491804
0 0.4352226720647773 0.5245901639344263 0.4347165991902834 0.5676229508196722 0.44635627530364375 0.6793032786885246 0.4509109311740891 0.6915983606557377 0.4549595141700405 0.6926229508196722 0.4605263157894737 0.6813524590163934 0.4625506072874494 0.6649590163934426 0.4625506072874494 0.5338114754098361 0.458502024291498 0.5215163934426229 0.4473684210526316 0.5153688524590164
0 0.46305668016194335 0.5512295081967213 0.465080971659919 0.6598360655737705 0.4741902834008097 0.6977459016393442 0.48228744939271256 0.701844262295082 0.4898785425101215 0.673155737704918 0.4908906882591093 0.6495901639344263 0.4888663967611336 0.5399590163934426 0.4873481781376518 0.5327868852459017 0.4782388663967611 0.5225409836065574 0.47520242914979755 0.5235655737704918 0.465080971659919 0.5338114754098361
0 0.49038461538461536 0.5276639344262295 0.4898785425101215 0.5686475409836066 0.4939271255060729 0.6454918032786885 0.5010121457489879 0.6526639344262295 0.5116396761133604 0.6506147540983607 0.5141700404858299 0.639344262295082 0.5080971659919028 0.5266393442622951 0.5025303643724697 0.5174180327868853 0.4939271255060729 0.5174180327868853
0 0.5106275303643725 0.5245901639344263 0.5141700404858299 0.6301229508196722 0.5172064777327935 0.6495901639344263 0.5237854251012146 0.6516393442622951 0.5298582995951417 0.6424180327868853 0.5293522267206477 0.5286885245901639 0.52834008097166 0.5215163934426229 0.5253036437246964 0.5194672131147541
0 0.5318825910931174 0.5133196721311475 0.5288461538461539 0.5235655737704918 0.5288461538461539 0.5563524590163934 0.5339068825910931 0.6229508196721312 0.5374493927125507 0.6424180327868853 0.5455465587044535 0.6547131147540983 0.5490890688259109 0.6506147540983607 0.5511133603238867 0.6383196721311475 0.548582995951417 0.5112704918032787 0.5460526315789473 0.5051229508196722 0.5384615384615384 0.5040983606557377
0 0.5708502024291497 0.5266393442622951 0.5718623481781376 0.6157786885245902 0.5748987854251012 0.6588114754098361 0.5804655870445344 0.6834016393442623 0.5895748987854251 0.6875 0.5956477732793523 0.6772540983606558 0.5976720647773279 0.6516393442622951 0.5936234817813765 0.5348360655737705 0.5926113360323887 0.5266393442622951 0.583502024291498 0.514344262295082 0.5794534412955465 0.514344262295082
0 0.5738866396761133 0.3401639344262295 0.5713562753036437 0.4262295081967213 0.5673076923076923 0.45184426229508196 0.5668016194331984 0.47438524590163933 0.5703441295546559 0.48770491803278687 0.5804655870445344 0.4918032786885246 0.5910931174089069 0.4702868852459016 0.5895748987854251 0.42793749999999997 0.5936234817813765 0.34938524590163933 0.5936234817813765 0.3135245901639344 0.5915991902834008 0.29815573770491804 0.5875506072874493 0.29405737704918034 0.5789473684210527 0.29815573770491804
0 0.5941295546558705 0.45594262295081966 0.5946356275303644 0.47848360655737704 0.604251012145749 0.4989754098360656 0.6098178137651822 0.5030737704918032 0.6153846153846154 0.5010245901639344 0.6224696356275303 0.48565573770491804 0.6239878542510121 0.4661885245901639 0.6224696356275303 0.45286885245901637 0.6270242914979757 0.39651639344262296 0.6275303643724697 0.3145491803278688 0.625 0.29405737704918034 0.6204453441295547 0.2848360655737705 0.6103238866396761 0.2807377049180328 0.603744939271255 0.3012295081967213
0 0.6155450404858299 0.45326127049180326 0.6172257085020243 0.47124795081967213 0.6196260121457491 0.49215163934426226 0.6289878542510122 0.49069262295081967 0.6349888663967611 0.502359631147541 0.643631072874494 0.5072213114754098 0.6510723684210526 0.4994436475409836 0.6522727732793523 0.4824282786885246 0.6522727732793523 0.458608606557377 0.6501123481781377 0.43916393442622953 0.6513122469635627 0.4061065573770492 0.6513122469635627 0.37061987704918037 0.6457914979757086 0.33513217213114754 0.6429109311740892 0.3093678278688524 0.6323486842105263 0.30693647540983604 0.6270673076923077 0.32006249999999997 0.6234665991902835 0.3399938524590164 0.6217864372469636 0.3662448770491803 0.6203461538461539 0.3978422131147541 0.6198658906882591 0.42020491803278687 0.6179458502024291 0.4347879098360656 0.6157849190283401 0.4445112704918033
0 0.6526325910931174 0.43266188524590166 0.648672064777328 0.45848872950819675 0.6477115384615384 0.4764754098360656 0.649871963562753 0.4968924180327869 0.658754048582996 0.5017540983606558 0.6712363360323887 0.5080737704918032 0.6793982793522267 0.49737909836065575 0.6803582995951417 0.47550307377049184 0.6784377530364373 0.44730737704918033 0.6767575910931174 0.41036168032786885 0.674837044534413 0.3704989754098361 0.6717165991902834 0.3335532786885246 0.6685956477732793 0.3048719262295082 0.6606740890688259 0.3043862704918033 0.6558734817813766 0.3325819672131148 0.654673076923077 0.3598043032786885 0.653713056680162 0.39286168032786883 0.6517925101214574 0.41425102459016394
0 0.718705971659919 0.3244446721311476 0.7208663967611336 0.36187704918032787 0.7175060728744939 0.3900727459016394 0.7141452429149798 0.4080594262295082 0.7127049595141701 0.4182674180327869 0.7115045546558705 0.43430942622950824 0.7131847165991902 0.45181045081967214 0.7175060728744939 0.4620194672131147 0.7247074898785425 0.4702827868852459 0.7307085020242916 0.4673668032786885 0.7350293522267206 0.45861577868852454 0.7374296558704454 0.45958811475409833 0.7439114372469636 0.4702827868852459 0.7491923076923077 0.4629918032786885 0.7503927125506074 0.4532684426229508 0.7513527327935222 0.44500409836065574 0.7518329959514171 0.43382377049180326 0.7513527327935222 0.4192397540983607 0.7503927125506074 0.4085450819672131 0.7494321862348178 0.39590573770491805 0.7487120445344129 0.3784047131147541 0.746792004048583 0.3594467213114754 0.7446315789473684 0.3336813524590164 0.7422307692307691 0.31569467213114755 0.7400703441295546 0.29770799180327867 0.7386300607287449 0.28166598360655737 0.7367095141700405 0.27242930327868853 0.7331088056680162 0.2665963114754098 0.7271077935222673 0.2685399590163935 0.723746963562753 0.2772909836065574 0.7215865384615384 0.2904159836065574 0.7213466599190284 0.2991659836065574 0.7213466599190284 0.3176393442622951 0.7213466599190284 0.3244446721311476
0 0.7511128542510122 0.3988227459016393 0.752793016194332 0.41048975409836064 0.7556735829959514 0.43042110655737703 0.7626351214574899 0.44208811475409837 0.7698365384615384 0.4425737704918033 0.7799185222672065 0.43576844262295084 0.7832793522267206 0.4313934426229508 0.7876002024291499 0.43090676229508196 0.7916811740890689 0.43285143442622953 0.7948016194331984 0.4275040983606558 0.7964817813765181 0.42021209016393446 0.7967221659919029 0.4070870901639344 0.7962419028340081 0.387641393442623 0.7943213562753036 0.3725717213114754 0.7914407894736842 0.3579877049180328 0.7880799595141701 0.343890368852459 0.78615991902834 0.33659836065573767 0.7830389676113361 0.32395901639344266 0.7777580971659919 0.3040276639344262 0.7765576923076923 0.29722233606557374 0.772956983805668 0.2831239754098361 0.7676761133603239 0.27340163934426226 0.7631148785425101 0.27097131147540987 0.7549534412955465 0.2763186475409836 0.752793016194332 0.2811793032786885 0.7518329959514171 0.28652663934426226 0.7515926113360324 0.30111065573770496 0.7532732793522268 0.31861168032786885 0.7542332995951417 0.3244446721311476 0.7556735829959514 0.3336813524590164 0.7563937246963562 0.3468073770491803 0.7561538461538462 0.3623627049180328 0.7554337044534414 0.3793770491803279 0.7547135627530365 0.3861834016393443 0.7520728744939271 0.3925030737704918
0 0.7240470647773279 0.6537920081967213 0.7274078947368421 0.6696700819672131 0.7336492914979758 0.6706424180327869 0.7379701417004049 0.6638360655737705 0.7382100202429149 0.6507110655737706 0.7348491902834008 0.6332100409836066 0.7324488866396761 0.6244600409836065 0.7310086032388664 0.6123063524590164 0.729088056680162 0.6030706967213114 0.7283679149797572 0.591889344262295 0.7300485829959514 0.5811946721311475 0.7317287449392712 0.5807090163934426 0.7350895748987855 0.5884866803278689 0.7386902834008098 0.6001536885245902 0.7415708502024292 0.6108483606557377 0.7446912955465587 0.6200850409836065 0.7494924089068826 0.6298073770491803 0.7530931174089069 0.6380717213114755 0.7569337044534413 0.6409887295081967 0.7600546558704453 0.6429323770491803 0.7622150809716599 0.6346690573770492 0.7617348178137653 0.6181403688524589 0.7595743927125507 0.6074456967213114 0.7566938259109313 0.5982090163934426 0.7530931174089069 0.5845973360655737 0.7504524291497976 0.5695276639344262 0.7485323886639675 0.5583463114754099 0.7478122469635627 0.5520266393442623 0.7449311740890688 0.531609631147541 0.7425308704453442 0.5126506147540983 0.7396503036437246 0.49271926229508195 0.7341290485829959 0.48105225409836067 0.7283679149797572 0.4766772540983607 0.7206862348178138 0.47473258196721313 0.7161255060728745 0.475219262295082 0.7125247975708502 0.4776495901639344 0.708924089068826 0.48445491803278684 0.7077236842105263 0.48591393442622954 0.7036432186234817 0.487858606557377 0.6962014170040486 0.4893165983606557 0.6926007085020243 0.49174692622950816 0.6904402834008097 0.4961219262295082 0.6894802631578948 0.5058452868852459 0.6897201417004049 0.514109631147541 0.6914003036437247 0.5223729508196722 0.693080971659919 0.5291793032786886 0.6952413967611336 0.5374436475409836 0.697161943319838 0.5442489754098361 0.699081983805668 0.5510543032786884 0.7007626518218624 0.5602909836065574 0.7022029352226721 0.5714723360655737 0.7043633603238866 0.5777920081967213 0.7062834008097166 0.5811946721311475 0.7082039473684211 0.5904313524590163 0.7118046558704454 0.6064733606557378 0.7132449392712551 0.6132786885245901 0.7156452429149798 0.6230020491803279 0.717325910931174 0.6336967213114755 0.7197262145748988 0.6395297131147542 0.7233269230769231 0.6477940573770491
0 0.7595141700404858 0.5562868852459016 0.7667160931174088 0.5912879098360656 0.7705566801619432 0.6068442622950819 0.7760779352226721 0.6214272540983606 0.783759109311741 0.6267745901639344 0.786880060728745 0.6223995901639344 0.7878400809716599 0.6102469262295082 0.7844792510121458 0.5961485655737705 0.778718117408907 0.5801065573770492 0.777997975708502 0.5742735655737705 0.777997975708502 0.567467213114754 0.7791983805668016 0.5455922131147541 0.7803987854251012 0.5446198770491804 0.7842393724696356 0.5470502049180328 0.7902403846153847 0.5577448770491804 0.7924008097165992 0.5708698770491804 0.7948016194331984 0.5791342213114754 0.797922064777328 0.5864262295081967 0.8034433198380567 0.598579918032787 0.8063238866396761 0.6019825819672131 0.8116047570850202 0.6024682377049181 0.8156857287449393 0.589343237704918 0.8154458502024291 0.5713565573770492 0.8132854251012145 0.5582315573770491 0.8089645748987854 0.5426752049180328 0.8041634615384615 0.5271188524590164 0.8000824898785425 0.5183688524590164 0.7957616396761134 0.5091321721311476 0.7928810728744939 0.5028125 0.7907206477732793 0.49260348360655737 0.7897606275303644 0.4809364754098361 0.788800101214575 0.47218647540983605 0.7859195344129555 0.463922131147541 0.7815986842105264 0.4527418032786885 0.7791983805668016 0.4483668032786885 0.7734372469635628 0.44447745901639346 0.7659954453441296 0.44642213114754103 0.7621548582995952 0.45468545081967215 0.7592742914979758 0.463922131147541 0.7568739878542511 0.4648944672131148 0.7525531376518219 0.463922131147541 0.7494321862348178 0.4678114754098361 0.7465516194331984 0.47218647540983605 0.7431912955465587 0.4799641393442623 0.7405506072874494 0.48531147540983605 0.7393502024291497 0.4916311475409836 0.7400703441295546 0.5037848360655738 0.743671052631579 0.5149661885245902 0.747752024291498 0.5246885245901639 0.7515926113360324 0.5295491803278689 0.7530328947368421 0.5334385245901639 0.7559134615384615 0.5412161885245902 0.7568739878542511 0.5455922131147541 0.7580738866396761 0.550452868852459
0 0.618421052631579 0.5215163934426229 0.617914979757085 0.5358606557377049 0.6244939271255061 0.5706967213114754 0.6300607287449392 0.6577868852459017 0.6351214574898786 0.6762295081967213 0.6422064777327935 0.6834016393442623 0.6482793522267206 0.6629098360655737 0.6513157894736842 0.5317622950819673 0.6497975708502024 0.5245901639344263 0.638663967611336 0.514344262295082 0.6229757085020243 0.5133196721311475
0 0.5941295546558705 0.5215163934426229 0.5931174089068826 0.5379098360655737 0.5981781376518218 0.6424180327868853 0.6057692307692307 0.6844262295081968 0.6118421052631579 0.6864754098360656 0.6189271255060729 0.6762295081967213 0.6239878542510121 0.5450819672131147 0.6229757085020243 0.5235655737704918 0.6169028340080972 0.5122950819672131 0.6098178137651822 0.507172131147541
0 0.4063765182186235 0.5174180327868853 0.4048582995951417 0.5420081967213115 0.41548582995951416 0.6577868852459017 0.4200404858299595 0.6752049180327869 0.4266194331983806 0.6793032786885246 0.4316801619433198 0.6690573770491803 0.4342105263157895 0.6547131147540983 0.4357287449392713 0.5204918032786885 0.4342105263157895 0.5122950819672131 0.4276315789473684 0.5051229508196722 0.41194331983805665 0.5081967213114754
0 0.2957398785425101 0.39587500000000003 0.2957398785425101 0.4211536885245902 0.294539979757085 0.44108504098360657 0.29477985829959513 0.4532387295081967 0.2942995951417004 0.4702530737704918 0.2940597165991903 0.4882397540983606 0.2942995951417004 0.5033094262295082 0.29646002024291496 0.513031762295082 0.30006123481781377 0.5164344262295082 0.30558198380566803 0.5149764344262295 0.3089428137651822 0.5096290983606557 0.3137439271255061 0.5110870901639345 0.3190247975708502 0.5188657786885246 0.3259863360323887 0.517406762295082 0.33222773279352225 0.5091434426229507 0.3365485829959514 0.5008790983606557 0.3391887651821862 0.48726741803278684 0.33990890688259107 0.4731690573770492 0.33846862348178136 0.46150204918032783 0.334628036437247 0.44059938524590164 0.33102732793522266 0.4245563524590164 0.3279068825910931 0.40900102459016396 0.32694635627530366 0.39490266393442625 0.32502631578947366 0.3788606557377049 0.3228653846153846 0.36379098360655737 0.3192646761133603 0.3492069672131148 0.31710425101214573 0.34191495901639346 0.3123036437246963 0.33656762295081966 0.3043820850202429 0.3462899590163934 0.3007813765182186 0.3642766393442623 0.2993410931174089 0.3749723360655738 0.2974205465587044 0.3861526639344262 0.2957398785425101 0.3944170081967213 0.29477985829959513 0.39781967213114755
0 0.30654251012145745 0.6258135245901639 0.31182338056680164 0.6122018442622951 0.3178243927125506 0.5961598360655738 0.3226255060728745 0.5854651639344263 0.3288669028340081 0.573798155737705 0.33366801619433195 0.5635891393442622 0.3363081983805668 0.5553247950819672 0.33846862348178136 0.5426854508196721 0.3406290485829959 0.5315051229508196 0.3435096153846154 0.5193514344262296 0.3451902834008097 0.5135184426229509 0.348790991902834 0.5062264344262295 0.3514316801619433 0.5052540983606557 0.35623228744939267 0.5013647540983607 0.3615136639676113 0.49990676229508196 0.36559412955465587 0.49990676229508196 0.3679949392712551 0.5013647540983607 0.37015536437246965 0.5096290983606557 0.37423582995951415 0.5159487704918032 0.3780769230769231 0.5227540983606558 0.3821578947368421 0.5271301229508197 0.3855182186234818 0.5305327868852459 0.38767864372469635 0.5334497950819672 0.3898390688259109 0.538797131147541 0.3893593117408907 0.5475471311475409 0.3869585020242915 0.5567838114754099 0.3751963562753037 0.5835204918032787 0.3732758097165992 0.5893534836065574 0.37111538461538457 0.5985901639344263 0.3672747975708502 0.6107438524590164 0.3603132591093118 0.6277581967213115 0.35527226720647775 0.6433145491803278 0.3511912955465587 0.6564395491803278 0.3451902834008097 0.6763709016393443 0.3411093117408907 0.6846352459016393 0.3379888663967611 0.6875512295081967 0.33486791497975704 0.6856075819672132 0.3327074898785425 0.6763709016393443 0.3341477732793522 0.6637315573770493 0.338709008097166 0.6510922131147541 0.34134919028340077 0.642827868852459 0.34422975708502024 0.6311608606557377 0.3454301619433199 0.6209518442622951 0.3454301619433199 0.6131741803278689 0.34375 0.6112295081967213 0.3377484817813765 0.6185215163934427 0.3331877530364373 0.6272715163934426 0.32670647773279354 0.6360225409836066 0.31854453441295544 0.6457448770491803 0.3130237854251012 0.651577868852459 0.3094230769230769 0.6530368852459016 0.30606224696356277 0.6501198770491804 0.3048618421052632 0.6408831967213114 0.3058223684210526 0.6326188524590164
0 0.3366082995951417 0.3952940573770492 0.3380485829959514 0.41814139344262297 0.3366082995951417 0.44439241803278684 0.33444787449392716 0.45411475409836066 0.3330075910931174 0.4652961065573771 0.334207995951417 0.4789077868852459 0.338288967611336 0.491547131147541 0.34308957489878544 0.4993247950819672 0.3469306680161943 0.5017561475409836 0.35197165991902835 0.49640778688524595 0.35461184210526314 0.49300512295081966 0.3584529352226721 0.4934918032786885 0.3639741902834008 0.49592213114754097 0.3678147773279352 0.4934918032786885 0.37453593117408907 0.4759907786885246 0.37597621457489877 0.46918545081967217 0.3774164979757085 0.4604344262295082 0.3776568825910931 0.4492540983606557 0.3762165991902834 0.43467008196721313 0.37237550607287445 0.42057274590163934 0.36853491902834007 0.4103637295081967 0.3649342105263158 0.40258606557377047 0.3627737854251012 0.39577971311475413 0.3601330971659919 0.3841127049180328 0.3577327935222672 0.3709877049180328 0.3558122469635628 0.35786168032786886 0.3526918016194332 0.3359866803278689 0.34885070850202426 0.32237499999999997 0.3438097165991903 0.31362397540983605 0.33876872469635627 0.3165409836065574 0.3320475708502024 0.3427920081967213 0.3325278340080972 0.3564036885245902 0.3337277327935223 0.36564036885245904 0.33492813765182183 0.37876536885245904 0.335168016194332 0.38848770491803275