0 0.3314777327935223 0.430327868852459 0.3309716599190283 0.4948770491803279 0.333502024291498 0.5081967213114754 0.3375506072874494 0.514344262295082 0.35779352226720645 0.5204918032786885 0.3638663967611336 0.5061475409836066 0.3638663967611336 0.4774590163934426 0.3557692307692308 0.42520491803278687 0.3532388663967611 0.38831967213114754 0.3481781376518219 0.3739754098360656 0.3410931174089069 0.36885245901639346 0.3350202429149798 0.3770491803278688
0 0.4109311740890688 0.5184426229508197 0.4109311740890688 0.5430327868852459 0.4139676113360324 0.5532786885245902 0.43218623481781376 0.5532786885245902 0.4367408906882591 0.5450819672131147 0.4382591093117409 0.5174180327868853 0.4311740890688259 0.35963114754098363 0.423582995951417 0.36270491803278687 0.42054655870445345 0.3719262295081967
0 0.43724696356275305 0.3760245901639344 0.430668016194332 0.5440573770491803 0.4392712550607287 0.5563524590163934 0.44483805668016196 0.5563524590163934 0.4549595141700405 0.5450819672131147 0.45799595141700405 0.5368852459016393 0.4574898785425101 0.44979508196721313 0.4534412955465587 0.3719262295081967 0.4509109311740891 0.36168032786885246 0.44888663967611336 0.35655737704918034 0.4423076923076923 0.35655737704918034
0 0.46153846153846156 0.35655737704918034 0.465080971659919 0.5399590163934426 0.4665991902834008 0.5522540983606558 0.4706477732793522 0.5543032786885246 0.48431174089068824 0.5379098360655737 0.48228744939271256 0.4805327868852459 0.4777327935222672 0.4036885245901639 0.4665991902834008 0.35860655737704916
0 0.4848178137651822 0.41905737704918034 0.4832995951417004 0.44672131147540983 0.48633603238866396 0.5420081967213115 0.4934210526315789 0.5532786885245902 0.513663967611336 0.5604508196721312 0.5151821862348178 0.5461065573770492 0.5096153846153846 0.4415983606557377 0.5045546558704453 0.39241803278688525 0.4984817813765182 0.3780737704918033 0.4924089068825911 0.3780737704918033 0.4888663967611336 0.3831967213114754
0 0.4089068825910931 0.6209016393442623 0.40131578947368424 0.7407786885245902 0.4043522267206478 0.7489754098360656 0.409919028340081 0.7438524590163934 0.42105263157894735 0.6997950819672131 0.4342105263157895 0.5952868852459017 0.4175101214574899 0.5952868852459017 0.41194331983805665 0.6045081967213115
0 0.4326923076923077 0.6147540983606558 0.42864372469635625 0.7305327868852459 0.43016194331983804 0.7438524590163934 0.4352226720647773 0.7489754098360656 0.4397773279352227 0.7397540983606558 0.4478744939271255 0.6895491803278688 0.4549595141700405 0.6198770491803278 0.4549595141700405 0.5973360655737705 0.451417004048583 0.5881147540983607 0.4423076923076923 0.5829918032786885 0.43623481781376516 0.5952868852459017
0 0.45445344129554655 0.6239754098360656 0.45445344129554655 0.7551229508196722 0.45799595141700405 0.7622950819672131 0.46153846153846156 0.7622950819672131 0.472165991902834 0.7202868852459017 0.4767206477732793 0.6506147540983607 0.4757085020242915 0.5881147540983607 0.46963562753036436 0.5799180327868853 0.45799595141700405 0.5870901639344263 0.45546558704453444 0.5952868852459017
0 0.4782388663967611 0.5952868852459017 0.47874493927125505 0.7243852459016393 0.4807692307692308 0.7459016393442623 0.48633603238866396 0.7489754098360656 0.49139676113360325 0.7254098360655737 0.4959514170040486 0.5952868852459017 0.4832995951417004 0.5891393442622951
0 0.4898785425101215 0.7161885245901639 0.49038461538461536 0.7438524590163934 0.4979757085020243 0.7438524590163934 0.5075910931174089 0.7059426229508197 0.5116396761133604 0.6659836065573771 0.5131578947368421 0.5911885245901639 0.4974696356275304 0.5983606557377049
0 0.5121457489878543 0.5942622950819673 0.513663967611336 0.7213114754098361 0.5172064777327935 0.7479508196721312 0.5232793522267206 0.742827868852459 0.5313765182186235 0.5901639344262295 0.5237854251012146 0.5840163934426229
0 0.527834008097166 0.6434426229508197 0.5258097165991903 0.7243852459016393 0.527834008097166 0.742827868852459 0.5334008097165992 0.7459016393442623 0.5389676113360324 0.7243852459016393 0.5450404858299596 0.673155737704918 0.5480769230769231 0.5881147540983607 0.5328947368421053 0.5829918032786885 0.5303643724696356 0.5881147540983607
0 0.5172064777327935 0.3637295081967213 0.5161943319838057 0.5584016393442623 0.5404858299595142 0.5635245901639344 0.5430161943319838 0.5450819672131147 0.5430161943319838 0.4733606557377049 0.5399797570850202 0.3719262295081967 0.52834008097166 0.3442622950819672 0.5237854251012146 0.3452868852459016
0 0.5404858299595142 0.4487704918032787 0.5435222672064778 0.5604508196721312 0.5637651821862348 0.5604508196721312 0.5668016194331984 0.548155737704918 0.562753036437247 0.4344262295081967 0.5541497975708503 0.41905737704918034 0.5470647773279352 0.4180327868852459 0.5425101214574899 0.42315573770491804
0 0.548582995951417 0.610655737704918 0.548582995951417 0.7520491803278688 0.5521255060728745 0.7592213114754098 0.5607287449392713 0.7612704918032787 0.569331983805668 0.7131147540983607 0.5733805668016194 0.6506147540983607 0.5733805668016194 0.5952868852459017 0.5637651821862348 0.5840163934426229 0.5541497975708503 0.5840163934426229 0.5501012145748988 0.5911885245901639
0 0.5743927125506073 0.5952868852459017 0.5754048582995951 0.7192622950819673 0.5840080971659919 0.7284836065573771 0.5915991902834008 0.7274590163934426 0.6017206477732794 0.6844262295081968 0.603744939271255 0.5922131147540983 0.6012145748987854 0.5809426229508197 0.5895748987854251 0.576844262295082 0.5779352226720648 0.5850409836065574
0 0.5673076923076923 0.41598360655737704 0.5673076923076923 0.5153688524590164 0.5718623481781376 0.5389344262295082 0.5880566801619433 0.555327868852459 0.5951417004048583 0.5440573770491803 0.5981781376518218 0.5215163934426229 0.5981781376518218 0.49385245901639346 0.59665991902834 0.4036885245901639 0.5875506072874493 0.35860655737704916 0.5799595141700404 0.35655737704918034 0.5678137651821862 0.36885245901639346
0 0.5911776315789473 0.5258995901639344 0.6077965587044535 0.5343135245901639 0.6179524291497976 0.5403903688524591 0.6262621457489879 0.5347807377049181 0.6278775303643724 0.49785348360655735 0.6188760121457489 0.38707274590163937 0.6144903846153846 0.36136475409836066 0.598332995951417 0.3665061475409836 0.5927935222672064 0.40109631147540986 0.5867925101214575 0.4838309426229508 0.5874848178137652 0.517953893442623
0 0.6246462550607287 0.5398575819672131 0.6373410931174089 0.5366506147540984 0.650959008097166 0.5530102459016394 0.6553446356275304 0.5315092213114755 0.642419028340081 0.43755532786885243 0.6331862348178138 0.37305020491803276 0.622338056680162 0.3632336065573771 0.614951923076923 0.385202868852459 0.6200298582995952 0.4716782786885246
0 0.6043345141700405 0.5697920081967213 0.6179524291497976 0.5693247950819672 0.6281082995951417 0.5702602459016393 0.6348021255060728 0.5866198770491804 0.6318016194331985 0.7254467213114754 0.6276467611336033 0.7520901639344262 0.6128744939271255 0.7343278688524589 0.6027186234817814 0.6857151639344262 0.6020263157894737 0.5824129098360655 0.6057191295546559 0.5693247950819672
0 0.3058997975708502 0.6521526639344262 0.324668016194332 0.5981608606557377 0.3420323886639676 0.5576680327868853 0.34080465587044534 0.5402622950819672 0.3306315789473684 0.5313821721311476 0.3234397773279352 0.5264088114754099 0.3188795546558704 0.5086485655737705 0.30993421052631576 0.5114907786885245 0.2995855263157895 0.5384866803278688 0.2955511133603239 0.5715204918032787 0.2873071862348178 0.5963852459016393 0.2813436234817813 0.6279989754098361 0.2794144736842106 0.641141393442623 0.2876578947368421 0.6368790983606558 0.3006376518218623 0.6056209016393442 0.30747823886639675 0.5942540983606557 0.2985328947368421 0.6269334016393442 0.2941477732793522 0.6496670081967214 0.292043016194332 0.6663616803278689
0 0.3361128542510121 0.5780399590163935 0.34027834008097163 0.5558678278688525 0.34817155870445343 0.5462776639344262 0.35764321862348175 0.5562233606557377 0.3678162955465587 0.5601311475409836 0.3751831983805668 0.5640379098360655 0.3751831983805668 0.5889026639344263 0.3679919028340081 0.6130573770491804 0.3604498987854251 0.6347243852459016 0.353082995951417 0.6602991803278688 0.34501417004048585 0.6794805327868852 0.33747216599190283 0.696530737704918 0.3318593117408907 0.7015040983606557 0.3318593117408907 0.6901372950819672 0.3434357287449393 0.6411188524590163 0.3501012145748988 0.6215819672131148 0.3446634615384615 0.6137674180327869 0.3397525303643725 0.6357899590163933 0.33256072874493925 0.6681137295081967 0.32554504048583 0.6958206967213114 0.32203694331983806 0.6940440573770491 0.32238765182186235 0.6709559426229508 0.33221002024291496 0.6148329918032787
0 0.3777707489878543 0.5611721311475409 0.38675961538461534 0.5466331967213115 0.3960561740890688 0.5601311475409836 0.4099129554655871 0.5601311475409836 0.41412246963562754 0.5754047131147542 0.40570344129554653 0.6148329918032787 0.400792004048583 0.6436045081967213 0.3944777327935223 0.6865850409836065 0.38851366396761133 0.7146465163934427 0.3818486842105263 0.7274344262295082 0.3751831983805668 0.7260133196721312 0.3797439271255061 0.6986618852459017 0.38447975708502025 0.6773493852459016 0.38500607287449395 0.6503534836065574 0.38237499999999996 0.6517745901639344 0.37588512145748987 0.6798360655737705 0.3685182186234818 0.7071875000000001 0.3622034412955466 0.7249477459016394 0.3550121457489879 0.733827868852459 0.3513289473684211 0.7292100409836065 0.3534337044534413 0.7029241803278689 0.36009868421052627 0.6748627049180328 0.3674655870445344 0.64325 0.3734291497975708 0.6187397540983607 0.37413107287449393 0.5874815573770491
0 0.6823107287449394 0.5114047131147541 0.6780804655870445 0.4901454918032787 0.6818410931174089 0.44731045081967213 0.687168016194332 0.40415676229508196 0.6907717611336032 0.3670327868852459 0.6976654858299595 0.3473606557377049 0.7065966599190283 0.3479948770491803 0.7142737854251012 0.4216086065573771 0.7206978744939271 0.4787223360655738 0.721324898785425 0.5037889344262295 0.7149008097165992 0.5139426229508197 0.706753036437247 0.510452868852459 0.7051862348178138 0.5085491803278689 0.6987626518218624 0.518701844262295 0.6909286437246964 0.5202889344262295 0.6816842105263158 0.5139426229508197
0 0.6658593117408907 0.5786301229508197 0.6680526315789473 0.5976690573770492 0.6716563765182186 0.6116301229508196 0.6772970647773279 0.6246393442622951 0.6815273279352227 0.6290809426229508 0.6835642712550607 0.630984631147541 0.6865414979757085 0.6344754098360657 0.6915551619433198 0.6455809426229508 0.6939053643724696 0.6500225409836066 0.6965688259109312 0.6566864754098362 0.6992327935222672 0.6633493852459016 0.7004858299595143 0.6696956967213116 0.7042464574898785 0.6833391393442623 0.7056563765182186 0.6858780737704918 0.708946862348178 0.6941280737704919 0.7134903846153846 0.7045983606557377 0.7200713562753037 0.7115788934426229 0.7279053643724696 0.7077715163934426 0.7252419028340081 0.6890512295081967 0.7199144736842105 0.6709651639344262 0.7155273279352227 0.6585901639344263 0.7145875506072875 0.6452633196721312 0.7167808704453441 0.6436772540983607 0.725085020242915 0.663031762295082 0.7294721659919028 0.6776280737704918 0.737463056680162 0.6909549180327869 0.7438871457489878 0.6925409836065574 0.7471771255060728 0.682704918032787 0.7440435222672065 0.6639846311475409 0.7394999999999999 0.6455809426229508 0.7291589068825911 0.6170235655737705 0.7217945344129555 0.5948125000000001 0.7163107287449393 0.5754579918032787 0.7130207489878543 0.5592756147540983 0.706753036437247 0.551343237704918 0.6992327935222672 0.5484866803278688 0.695002024291498 0.550391393442623 0.6893613360323887 0.5634006147540984 0.687168016194332 0.5665727459016394 0.6796472672064777 0.5646690573770491 0.6751037449392713 0.5646690573770491 0.6707165991902834 0.566890368852459 0.6666427125506074 0.5732366803278689 0.6657024291497976 0.582438524590164
0 0.7078502024291498 0.5396024590163935 0.7150571862348178 0.530718237704918 0.7239883603238867 0.5319877049180328 0.7277484817813765 0.5329395491803278 0.7333891700404858 0.5196127049180328 0.7371497975708502 0.5132663934426229 0.7437302631578948 0.5119979508196721 0.7521912955465586 0.5202479508196721 0.759712044534413 0.5459487704918032 0.7655091093117409 0.5630829918032787 0.7783567813765182 0.5929088114754099 0.7865045546558704 0.6154375000000001 0.7930850202429149 0.6379651639344263 0.7902646761133604 0.6462151639344262 0.7803937246963563 0.6405040983606557 0.7702095141700405 0.6214661885245902 0.7600253036437247 0.6100430327868853 0.7572049595141701 0.6078217213114755 0.7656654858299595 0.6300327868852459 0.7724028340080972 0.6458985655737706 0.7766336032388663 0.6573206967213114 0.7744397773279351 0.6690604508196721 0.7700526315789474 0.6738206967213115 0.759085020242915 0.6608114754098361 0.7490571862348178 0.638282786885246 0.7409099190283401 0.6195625 0.7318223684210526 0.6005245901639344 0.7243016194331984 0.5894190573770492 0.7164676113360324 0.5760922131147541 0.7103567813765183 0.5624487704918033