0 0.3375506072874494 0.3975409836065574 0.3350202429149798 0.4036885245901639 0.3395748987854251 0.4661885245901639 0.34210526315789475 0.4774590163934426 0.3415991902834008 0.5286885245901639 0.3491902834008097 0.5440573770491803 0.3689271255060729 0.5420081967213115 0.3729757085020243 0.5317622950819673 0.37449392712550605 0.5102459016393442 0.36690283400809715 0.47540983606557374 0.36538461538461536 0.43135245901639346 0.3522267206477733 0.39651639344262296 0.3436234817813765 0.39241803278688525
0 0.3992914979757085 0.5256147540983607 0.39878542510121456 0.5430327868852459 0.4018218623481781 0.5522540983606558 0.41346153846153844 0.5584016393442623 0.42206477732793524 0.5522540983606558 0.4240890688259109 0.5358606557377049 0.42206477732793524 0.47404405737704913 0.423582995951417 0.44672131147540983 0.41953441295546556 0.4139344262295082 0.4159919028340081 0.41188524590163933 0.4084008097165992 0.43135245901639346
0 0.44281376518218624 0.5932377049180327 0.4433198380566802 0.6342213114754098 0.44534412955465585 0.6465163934426229 0.44876467611336035 0.6960891393442623 0.45169078947368424 0.7289436475409835 0.45674544534412953 0.6987817622950819 0.458502024291498 0.6536885245901639 0.4691295546558704 0.6075819672131147 0.46963562753036436 0.5911885245901639 0.4574898785425101 0.5778688524590164 0.4509109311740891 0.5778688524590164 0.44686234817813764 0.5819672131147541
0 0.4660931174089069 0.625 0.4676518218623482 0.6508452868852459 0.4676113360323887 0.6618852459016393 0.469247975708502 0.6890870901639344 0.4686234817813765 0.7366803278688525 0.4757085020242915 0.7448770491803278 0.4817813765182186 0.735655737704918 0.4785581983805668 0.7208647540983606 0.4822823886639676 0.6637725409836065 0.4853238866396761 0.6383196721311475 0.4883603238866397 0.5911885245901639 0.46963562753036436 0.5901639344262295
0 0.4883603238866397 0.5973360655737705 0.4894650809716599 0.6352254098360656 0.4868421052631579 0.7141393442622951 0.4893724696356275 0.7366803278688525 0.4939271255060729 0.7377049180327869 0.49949392712550605 0.7172131147540983 0.5032975708502024 0.6212223360655738 0.5070217611336032 0.6066793032786886 0.506578947368421 0.5922131147540983 0.4905288461538461 0.5867510245901639
0 0.5060728744939271 0.6577868852459017 0.5055668016194332 0.7120901639344263 0.5080860323886639 0.719248975409836 0.5101214574898786 0.7264344262295082 0.5151821862348178 0.7223360655737705 0.5181943319838057 0.7090153688524591 0.5222672064777328 0.5952868852459017 0.5112778340080971 0.5915983606557377 0.5086032388663968 0.6034836065573771
0 0.5571862348178138 0.5870901639344263 0.5597165991902834 0.7131147540983607 0.562753036437247 0.7274590163934426 0.5743927125506073 0.7264344262295082 0.5779352226720648 0.7213114754098361 0.5804655870445344 0.7079918032786885 0.5824898785425101 0.5922131147540983 0.5794534412955465 0.5840163934426229 0.5652834008097166 0.5778688524590164 0.5602226720647774 0.5799180327868853
0 0.5455465587044535 0.5911885245901639 0.5404858299595142 0.6014344262295082 0.5450404858299596 0.6967213114754098 0.548582995951417 0.7182377049180327 0.5561740890688259 0.7172131147540983 0.5602226720647774 0.5870901639344263 0.5561740890688259 0.5840163934426229
0 0.5247975708502024 0.5932377049180327 0.5227732793522267 0.5952868852459017 0.5263056680161944 0.6775799180327868 0.5285485829959514 0.7087213114754098 0.5308704453441295 0.7264344262295082 0.5334008097165992 0.7284836065573771 0.5379554655870445 0.7120901639344263 0.5375207489878543 0.6529252049180327 0.5404858299595142 0.5983606557377049 0.5369433198380567 0.5922131147540983
0 0.4282515182186235 0.3962295081967213 0.42656528340080974 0.5111793032786885 0.42450404858299595 0.5195266393442622 0.42206477732793524 0.555327868852459 0.4311740890688259 0.5635245901639344 0.4438259109311741 0.5584016393442623 0.4493927125506073 0.5450819672131147 0.45176771255060727 0.5271198770491804 0.44858198380566805 0.508529713114754 0.44686234817813764 0.4733606557377049 0.4438041497975708 0.4360655737704918 0.44305465587044535 0.3829508196721311 0.4406184210526316 0.3730860655737705 0.4392712550607287 0.3637295081967213 0.4276315789473684 0.3770491803278688
0 0.44888663967611336 0.4067622950819672 0.4478744939271255 0.4702868852459016 0.45040485829959515 0.5379098360655737 0.45293522267206476 0.5491803278688525 0.4590080971659919 0.5563524590163934 0.4701417004048583 0.5461065573770492 0.47115384615384615 0.5327868852459017 0.46710526315789475 0.4395491803278688 0.458502024291498 0.367827868852459 0.45040485829959515 0.36885245901639346 0.4509109311740891 0.39549180327868855
0 0.47368421052631576 0.39959016393442626 0.472165991902834 0.4426229508196721 0.47368421052631576 0.4959016393442623 0.47453390688259106 0.5005573770491804 0.47134868421052634 0.5119385245901639 0.47303491902834005 0.5529129098360656 0.4951452429149798 0.5479815573770492 0.4936462550607288 0.5096629098360655 0.4887747975708502 0.4990399590163934 0.49038461538461536 0.44672131147540983 0.48279352226720645 0.39139344262295084 0.4767823886639676 0.3746014344262295
0 0.4969256072874494 0.4351188524590164 0.4973001012145749 0.4559856557377049 0.4959514170040486 0.48565573770491804 0.4939271255060729 0.5020491803278688 0.49696356275303644 0.5276639344262295 0.5020242914979757 0.5430327868852459 0.5156882591093117 0.5420081967213115 0.520242914979757 0.5245901639344263 0.5143517206477733 0.43758811475409837 0.514913967611336 0.4163422131147541 0.5113537449392712 0.3837141393442623 0.5098547570850203 0.37195286885245904 0.5034838056680162 0.3681588114754098 0.5025303643724697 0.3801229508196721 0.49617611336032386 0.4112172131147541
0 0.5263157894736842 0.5122950819672131 0.5253036437246964 0.5245901639344263 0.5245637651821863 0.5576588114754099 0.5391791497975708 0.5593627049180327 0.5496725708502025 0.5491188524590165 0.5501012145748988 0.5245901639344263 0.5490890688259109 0.507172131147541 0.5448006072874494 0.4201301229508197 0.5367434210526316 0.37270594262295087 0.5264372469635628 0.48652356557377047
0 0.5541497975708503 0.4600409836065574 0.5531376518218624 0.5081967213114754 0.5612348178137652 0.5368852459016393 0.5723684210526315 0.5389344262295082 0.5743927125506073 0.5061475409836066 0.5738866396761133 0.4323770491803279 0.5723684210526315 0.39549180327868855 0.569331983805668 0.38831967213114754 0.5642712550607287 0.3862704918032787 0.5576923076923077 0.39549180327868855
0 0.5738866396761133 0.514344262295082 0.5733805668016194 0.5286885245901639 0.5769230769230769 0.5379098360655737 0.5915991902834008 0.548155737704918 0.5942682186234817 0.5586045081967213 0.601950910931174 0.5282530737704918 0.6000769230769231 0.5013165983606558 0.5992338056680162 0.3700481557377049 0.5867732793522267 0.3787735655737705
0 0.5969853238866397 0.5069948770491803 0.5913638663967612 0.5240799180327869 0.5911766194331983 0.5407735655737704 0.5943618421052632 0.5601219262295082 0.6026062753036437 0.5601219262295082 0.6093522267206477 0.5688483606557377 0.6249043522267206 0.568469262295082 0.6239676113360324 0.5183893442622951 0.6284645748987854 0.4538924180327869 0.6222813765182186 0.38180737704918033 0.608414979757085 0.40798565573770496
0 0.6231244939271255 0.5217899590163935 0.6185334008097166 0.5377377049180327 0.6181589068825911 0.5555696721311475 0.6202201417004048 0.5692274590163935 0.6250915991902835 0.5752981557377049 0.6250915991902835 0.5752981557377049 0.6323997975708502 0.5699866803278689 0.6374585020242914 0.5836444672131147 0.6464529352226721 0.5787120901639344 0.6505754048582996 0.5696065573770492 0.6483264170040486 0.5187684426229509 0.6530111336032388 0.45958299180327866 0.6475769230769232 0.43681967213114753 0.632587044534413 0.44630430327868853
0 0.6492914979757085 0.5338114754098361 0.6492914979757085 0.5686475409836066 0.6538461538461539 0.5809426229508197 0.6604124493927125 0.5866752049180328 0.6776315789473685 0.5799180327868853 0.6813987854251012 0.5881936475409836 0.6885192307692307 0.568844262295082 0.6867408906882592 0.5399590163934426 0.6821862348178138 0.4733606557377049 0.6786437246963563 0.44979508196721313 0.6740890688259109 0.4395491803278688 0.6609311740890689 0.4395491803278688 0.6573886639676113 0.44672131147540983 0.65334008097166 0.5163934426229508