0 0.5708502024291497 0.5819672131147541 0.5754048582995951 0.7120901639344263 0.5799595141700404 0.7387295081967213 0.583502024291498 0.7448770491803278 0.5880566801619433 0.7448770491803278 0.5931174089068826 0.7305327868852459 0.59665991902834 0.5942622950819673 0.5840080971659919 0.5645491803278688 0.5723684210526315 0.5737704918032787
0 0.5470647773279352 0.5461065573770492 0.5475708502024291 0.7069672131147541 0.548582995951417 0.7141393442622951 0.5531376518218624 0.7182377049180327 0.5576923076923077 0.7120901639344263 0.5652834008097166 0.6536885245901639 0.5703441295546559 0.555327868852459 0.5678137651821862 0.5471311475409836 0.5587044534412956 0.5389344262295082 0.5490890688259109 0.5389344262295082
0 0.52834008097166 0.5522540983606558 0.5339068825910931 0.7049180327868853 0.5359311740890689 0.7213114754098361 0.5409919028340081 0.7243852459016393 0.5460526315789473 0.7202868852459017 0.5470647773279352 0.701844262295082 0.5470647773279352 0.5594262295081968 0.5445344129554656 0.5440573770491803 0.534919028340081 0.5450819672131147
0 0.5091093117408907 0.5430327868852459 0.507085020242915 0.5573770491803278 0.5126518218623481 0.6956967213114754 0.5151821862348178 0.7090163934426229 0.521255060728745 0.7131147540983607 0.5263157894736842 0.6844262295081968 0.527834008097166 0.548155737704918 0.5253036437246964 0.5399590163934426 0.5126518218623481 0.5389344262295082
0 0.48380566801619435 0.5614754098360656 0.48582995951417 0.6536885245901639 0.4959514170040486 0.7346311475409836 0.5015182186234818 0.7407786885245902 0.5055668016194332 0.7284836065573771 0.5075910931174089 0.7069672131147541 0.5060728744939271 0.555327868852459 0.5030364372469636 0.5502049180327869 0.4898785425101215 0.5502049180327869
0 0.4559716599190283 0.6885245901639344 0.45445344129554655 0.7520491803278688 0.4590080971659919 0.7653688524590164 0.46710526315789475 0.7561475409836066 0.4731781376518219 0.7284836065573771 0.48026315789473684 0.6905737704918032 0.4868421052631579 0.6301229508196722 0.4868421052631579 0.6034836065573771 0.4782388663967611 0.5829918032786885 0.4686234817813765 0.5891393442622951 0.46356275303643724 0.6055327868852459
0 0.423582995951417 0.7069672131147541 0.42206477732793524 0.7438524590163934 0.4276315789473684 0.7510245901639344 0.43775303643724695 0.7336065573770492 0.465080971659919 0.5911885245901639 0.45394736842105265 0.5563524590163934 0.43623481781376516 0.5614754098360656
0 0.40131578947368424 0.6444672131147541 0.39979757085020245 0.7418032786885246 0.4048582995951417 0.7459016393442623 0.41548582995951416 0.7284836065573771 0.42206477732793524 0.7059426229508197 0.4326923076923077 0.610655737704918 0.44281376518218624 0.5676229508196722 0.4392712550607287 0.5491803278688525 0.4215587044534413 0.5430327868852459 0.41143724696356276 0.5461065573770492 0.4058704453441296 0.5788934426229508
0 0.5784412955465587 0.2930327868852459 0.5759109311740891 0.35450819672131145 0.5814777327935222 0.4702868852459016 0.5905870445344129 0.4959016393442623 0.5996963562753036 0.5092213114754098 0.604251012145749 0.5010245901639344 0.6098178137651822 0.4702868852459016 0.6022267206477733 0.3401639344262295 0.5961538461538461 0.28688524590163933 0.5915991902834008 0.2725409836065574 0.5885627530364372 0.2694672131147541 0.5824898785425101 0.2725409836065574
0 0.5607287449392713 0.33709016393442626 0.5581983805668016 0.36885245901639346 0.5602226720647774 0.4774590163934426 0.5632591093117408 0.49385245901639346 0.5723684210526315 0.4979508196721312 0.576417004048583 0.492827868852459 0.5804655870445344 0.47438524590163933 0.5789473684210527 0.4415983606557377 0.5708502024291497 0.33299180327868855 0.5688259109311741 0.32684426229508196 0.5652834008097166 0.32684426229508196
0 0.5359311740890689 0.29918032786885246 0.5354251012145749 0.5102459016393442 0.5394736842105263 0.5204918032786885 0.5490890688259109 0.5204918032786885 0.5566801619433198 0.5122950819672131 0.5592105263157895 0.4989754098360656 0.5541497975708503 0.35758196721311475 0.5455465587044535 0.30225409836065575 0.5369433198380567 0.2899590163934426
0 0.5091093117408907 0.3237704918032787 0.5075910931174089 0.5092213114754098 0.5111336032388664 0.5163934426229508 0.5227732793522267 0.5204918032786885 0.5354251012145749 0.5102459016393442 0.5303643724696356 0.3790983606557377 0.5217611336032388 0.3135245901639344 0.5141700404858299 0.3125
0 0.4893724696356275 0.41700819672131145 0.4883603238866397 0.4969262295081967 0.4944331983805668 0.5122950819672131 0.506578947368421 0.5153688524590164 0.5086032388663968 0.5 0.506578947368421 0.39241803278688525 0.4984817813765182 0.3360655737704918 0.4939271255060729 0.33709016393442626
0 0.46558704453441296 0.36065573770491804 0.4660931174089069 0.444672131147541 0.46153846153846156 0.49077868852459017 0.4665991902834008 0.5184426229508197 0.4716599190283401 0.5245901639344263 0.4848178137651822 0.4948770491803279 0.48633603238866396 0.48463114754098363 0.4898785425101215 0.3452868852459016 0.48582995951417 0.3165983606557377 0.4807692307692308 0.3135245901639344 0.47115384615384615 0.3176229508196721 0.4665991902834008 0.33709016393442626
0 0.4418016194331984 0.32172131147540983 0.4402834008097166 0.3862704918032787 0.430668016194332 0.4723360655737705 0.4326923076923077 0.4969262295081967 0.43775303643724695 0.5081967213114754 0.4433198380566802 0.5112704918032787 0.45799595141700405 0.48975409836065575 0.4625506072874494 0.4805327868852459 0.4640688259109312 0.4692622950819672 0.46305668016194335 0.4375 0.45546558704453444 0.4067622950819672 0.4569838056680162 0.3709016393442623 0.45546558704453444 0.3165983606557377 0.45293522267206476 0.3084016393442623 0.44635627530364375 0.30225409836065575 0.44281376518218624 0.3104508196721312
0 0.3734817813765182 0.4456967213114754 0.3734817813765182 0.46311475409836067 0.37803643724696356 0.47438524590163933 0.38917004048583 0.47540983606557374 0.3967611336032389 0.48155737704918034 0.40789473684210525 0.47848360655737704 0.4144736842105263 0.4661885245901639 0.4175101214574899 0.44672131147540983 0.416497975708502 0.4108606557377049 0.4225708502024291 0.30225409836065575 0.41953441295546556 0.26639344262295084 0.4058704453441296 0.26741803278688525 0.3841093117408907 0.36475409836065575
0 0.32945344129554655 0.30225409836065575 0.32945344129554655 0.3432377049180328 0.326417004048583 0.36168032786885246 0.326417004048583 0.42008196721311475 0.3284412955465587 0.4344262295081967 0.333502024291498 0.4375 0.3522267206477733 0.4334016393442623 0.3562753036437247 0.4395491803278688 0.3643724696356275 0.4385245901639344 0.3709514170040486 0.4108606557377049 0.3709514170040486 0.39959016393442626 0.35931174089068824 0.33299180327868855 0.3562753036437247 0.32889344262295084 0.3567813765182186 0.32479508196721313 0.34615384615384615 0.2848360655737705 0.33653846153846156 0.2858606557377049
0 0.2958127530364372 0.623359631147541 0.32566093117408906 0.612671106557377 0.3388081983805668 0.5846075819672131 0.3523107287449393 0.5594221311475409 0.35906174089068826 0.5313575819672132 0.35692965587044534 0.5126485655737705 0.3494681174089069 0.5076116803278689 0.34626973684210527 0.49753790983606555 0.3373866396761134 0.4932202868852459 0.33667611336032394 0.48458504098360655 0.327081983805668 0.4737909836065574 0.3249498987854251 0.4701926229508197 0.31357945344129556 0.47882786885245904 0.30469635627530367 0.5004159836065574 0.3004321862348178 0.5140881147540983 0.2958127530364372 0.519844262295082 0.28764018218623477 0.5241618852459017 0.27804655870445344 0.5313575819672132 0.2720055668016194 0.5407131147540983 0.26525455465587044 0.5522264344262294 0.2617014170040486 0.5673370901639344 0.26134564777327934 0.5910840163934427 0.2663203441295547 0.5961209016393443 0.2734271255060729 0.5975604508196721 0.28195495951417004 0.5968401639344262 0.28692965587044533 0.5918032786885246 0.2943917004048583 0.5788504098360655 0.30753896761133603 0.5680573770491804 0.31073684210526314 0.5666178278688525 0.30967105263157896 0.5766915983606558 0.3032747975708502 0.5817295081967213 0.2965237854251012 0.5889252049180328 0.2879954453441295 0.5989989754098362 0.28621912955465584 0.6040358606557377 0.28515283400809716 0.6105122950819672 0.2879954453441295 0.6184282786885246 0.2943917004048583 0.6234651639344262 0.2958127530364372 0.6234651639344262
0 0.3331224696356275 0.6710194672131147 0.3476912955465587 0.6155491803278688 0.3576406882591093 0.5946813524590164 0.36083856275303644 0.5651782786885247 0.36083856275303644 0.5378340163934426 0.3643917004048583 0.519844262295082 0.3743410931174089 0.519125 0.38606680161943324 0.5212838114754098 0.39210779352226716 0.532077868852459 0.40312297570850203 0.5241618852459017 0.40845293522267206 0.5263206967213114 0.4120060728744939 0.5378340163934426 0.409873987854251 0.5543852459016394 0.40312297570850203 0.5752530737704918 0.3981482793522267 0.5932428278688524 0.39566093117408907 0.6069149590163935 0.39281831983805665 0.6313801229508197 0.3906862348178138 0.6493698770491803 0.38784362348178136 0.6644815573770492 0.38500101214574894 0.6759948770491803 0.38073684210526315 0.6925450819672131 0.37718370445344135 0.7033391393442623 0.3732753036437247 0.7119743852459016 0.36794534412955465 0.7177305327868853 0.3665237854251012 0.7170112704918032 0.36368117408906886 0.707656762295082 0.3665237854251012 0.6932653688524589 0.3700769230769231 0.6831905737704917 0.37256427125506075 0.6687991803278689 0.3743410931174089 0.6623227459016394 0.37576214574898786 0.6515286885245902 0.3764731781376518 0.6371372950819673 0.3768284412955466 0.6285020491803279 0.3764731781376518 0.6249047131147542 0.37043218623481783 0.6292223360655738 0.3651022267206478 0.6414549180327869 0.3619043522267207 0.6529682377049181 0.35373178137651823 0.6731168032786885 0.3523107287449393 0.6795932377049181 0.34804655870445345 0.6875081967213115 0.33916346153846155 0.6975829918032787 0.33347823886639677 0.6997418032786885 0.3309908906882591 0.6990215163934427
0 0.6888977732793522 0.6944006147540984 0.6757505060728745 0.6634108606557377 0.6704205465587044 0.6353473360655738 0.6650905870445344 0.6022459016393443 0.6590501012145749 0.5713043032786885 0.651588056680162 0.5504364754098361 0.6462580971659919 0.5310071721311476 0.6462580971659919 0.5151762295081967 0.6540754048582996 0.5065409836065574 0.6658011133603239 0.5137366803278688 0.668998987854251 0.5137366803278688 0.675039979757085 0.5051024590163935 0.6835678137651822 0.5029436475409836 0.6917403846153846 0.5058217213114754 0.6963598178137652 0.510858606557377 0.7009787449392713 0.5295676229508196 0.7009787449392713 0.5461188524590164 0.7020450404858299 0.564108606557377 0.7055981781376518 0.5799395491803279 0.7151923076923077 0.6101618852459016 0.720167004048583 0.6245532786885245 0.7233648785425101 0.633188524590164 0.7240754048582996 0.6483002049180328 0.7237201417004048 0.6670092213114753 0.720167004048583 0.6698872950819672 0.7123496963562753 0.6648504098360656 0.7038213562753036 0.6447018442622952 0.6967150809716599 0.6267120901639345 0.6920956477732793 0.6130399590163934 0.687120951417004 0.6036854508196722 0.6842783400809717 0.6029661885245902 0.681790991902834 0.6087223360655738 0.681790991902834 0.6259928278688525 0.6846336032388664 0.6367868852459017 0.687120951417004 0.6504590163934426 0.6917403846153846 0.6648504098360656 0.6931614372469636 0.6734856557377049 0.6935172064777329 0.6785225409836066 0.6924509109311741 0.6986711065573771
0 0.7171052631578947 0.28688524590163933 0.7105263157894737 0.3637295081967213 0.715080971659919 0.3801229508196721 0.7196356275303644 0.4139344262295082 0.7241902834008097 0.4262295081967213 0.7419028340080972 0.4323770491803279 0.7515182186234818 0.43135245901639346 0.7535425101214575 0.42725409836065575 0.7540485829959515 0.4149590163934426 0.7469635627530364 0.36885245901639346 0.7464574898785425 0.3483606557377049 0.7484817813765182 0.33709016393442626 0.7444331983805668 0.30225409836065575 0.7327935222672065 0.2807377049180328 0.7206477732793523 0.2817622950819672
0 0.673582995951417 0.2694672131147541 0.6730769230769231 0.33094262295081966 0.6776315789473685 0.4334016393442623 0.6887651821862348 0.4661885245901639 0.6938259109311741 0.4661885245901639 0.7160931174089069 0.45081967213114754 0.7206477732793523 0.43135245901639346 0.7201417004048583 0.41700819672131145 0.7034412955465587 0.27151639344262296 0.6821862348178138 0.26229508196721313
0 0.6437246963562753 0.26536885245901637 0.6371457489878543 0.4067622950819672 0.638663967611336 0.4323770491803279 0.6417004048582996 0.44364754098360654 0.645748987854251 0.44774590163934425 0.6745951417004049 0.45081967213114754 0.680161943319838 0.4426229508196721 0.680161943319838 0.40061475409836067 0.666497975708502 0.2786885245901639 0.6553643724696356 0.24692622950819673 0.646255060728745 0.25
0 0.6067813765182186 0.32172131147540983 0.6057692307692307 0.38831967213114754 0.6098178137651822 0.4354508196721312 0.6143724696356275 0.4375 0.6346153846153846 0.4293032786885246 0.6351214574898786 0.38729508196721313 0.6265182186234818 0.3094262295081967 0.6199392712550608 0.2858606557377049 0.6138663967611336 0.2899590163934426
0 0.5870445344129555 0.5625 0.5875506072874493 0.5737704918032787 0.6077935222672065 0.6526639344262295 0.625 0.7008196721311475 0.6310728744939271 0.7028688524590164 0.6341093117408907 0.6926229508196722 0.6330971659919028 0.6690573770491803 0.6219635627530364 0.5747950819672131 0.6153846153846154 0.5409836065573771 0.6088056680161943 0.5317622950819673 0.5996963562753036 0.5307377049180327
0 0.6148785425101214 0.5276639344262295 0.6148785425101214 0.5491803278688525 0.646255060728745 0.673155737704918 0.6538461538461539 0.6967213114754098 0.6619433198380567 0.7028688524590164 0.6654858299595142 0.6885245901639344 0.645242914979757 0.5215163934426229 0.6341093117408907 0.5184426229508197