0 0.3117408906882591 0.4774590163934426 0.31376518218623484 0.5020491803278688 0.32894736842105265 0.5215163934426229 0.3395748987854251 0.5245901639344263 0.3481781376518219 0.5174180327868853 0.35020242914979755 0.5061475409836066 0.3507085020242915 0.4692622950819672 0.35880566801619435 0.39036885245901637 0.35728744939271256 0.36475409836065575 0.34969635627530365 0.35963114754098363 0.3441295546558704 0.36168032786885246 0.33856275303643724 0.39549180327868855 0.32658552631578947 0.4412571721311475 0.31376518218623484 0.4672131147540984
0 0.35526315789473684 0.49385245901639346 0.3547570850202429 0.5122950819672131 0.36082995951417 0.5266393442622951 0.37449392712550605 0.5256147540983607 0.38360323886639675 0.5348360655737705 0.3982793522267207 0.5266393442622951 0.39220647773279355 0.42110655737704916 0.39220647773279355 0.3760245901639344 0.375 0.38422131147540983 0.3709514170040486 0.4067622950819672 0.3684210526315789 0.4098360655737705 0.36791497975708504 0.4364754098360656
0 0.40941295546558704 0.38422131147540983 0.40030364372469635 0.5317622950819673 0.4089068825910931 0.5450819672131147 0.4139676113360324 0.5450819672131147 0.4266194331983806 0.5286885245901639 0.4276315789473684 0.5163934426229508 0.42206477732793524 0.44364754098360654 0.4215587044534413 0.3698770491803279 0.4200404858299595 0.3668032786885246 0.4124493927125506 0.36885245901639346
0 0.43218623481781376 0.3719262295081967 0.4256072874493927 0.444672131147541 0.42813765182186236 0.4887295081967213 0.4266194331983806 0.5368852459016393 0.43623481781376516 0.5491803278688525 0.4423076923076923 0.5440573770491803 0.44483805668016196 0.5368852459016393 0.4534412955465587 0.5317622950819673 0.4555050607287449 0.5187161885245901 0.45670850202429153 0.5045829918032787 0.4574898785425101 0.48975409836065575 0.4559716599190283 0.45491803278688525 0.45040485829959515 0.4139344262295082 0.451417004048583 0.3770491803278688 0.4478744939271255 0.3739754098360656 0.4438259109311741 0.36065573770491804 0.4392712550607287 0.36065573770491804
0 0.4569838056680162 0.4415983606557377 0.4569838056680162 0.4979508196721312 0.4545425101214575 0.5045829918032787 0.4538203441295547 0.5148176229508197 0.4534412955465587 0.5327868852459017 0.4665991902834008 0.5543032786885246 0.4777327935222672 0.5379098360655737 0.4817813765182186 0.5256147540983607 0.4797570850202429 0.4979508196721312 0.47427884615384613 0.4456157786885246 0.479251012145749 0.4077868852459016 0.47520242914979755 0.3780737704918033 0.4665991902834008 0.3668032786885246 0.46305668016194335 0.367827868852459 0.46153846153846156 0.375
0 0.48431174089068824 0.48565573770491804 0.48380566801619435 0.5297131147540983 0.48582995951417 0.5420081967213115 0.49291497975708504 0.5471311475409836 0.5075910931174089 0.5450819672131147 0.5101214574898786 0.5286885245901639 0.5060728744939271 0.47848360655737704 0.5055668016194332 0.42725409836065575 0.5041244939271255 0.41198975409836064 0.5035425101214575 0.39651639344262296 0.5014767206477733 0.3846987704918033 0.49898785425101216 0.375 0.49291497975708504 0.3760245901639344 0.49139676113360325 0.38422131147540983
0 0.5172064777327935 0.3637295081967213 0.5177125506072875 0.4375 0.5111336032388664 0.5061475409836066 0.5116396761133604 0.5399590163934426 0.5156882591093117 0.5461065573770492 0.5409919028340081 0.5440573770491803 0.5435222672064778 0.5266393442622951 0.5435222672064778 0.5020491803278688 0.5409919028340081 0.48975409836065575 0.5394736842105263 0.4375 0.5339068825910931 0.3790983606557377 0.5273279352226721 0.35655737704918034 0.5217611336032388 0.35655737704918034
0 0.5460526315789473 0.5081967213114754 0.5475708502024291 0.5420081967213115 0.5683198380566802 0.5461065573770492 0.5728744939271255 0.5440573770491803 0.576417004048583 0.5358606557377049 0.576417004048583 0.39241803278688525 0.5713562753036437 0.36475409836065575 0.5642712550607287 0.3555327868852459 0.5597165991902834 0.36885245901639346
0 0.5911336032388663 0.41198975409836064 0.5887267206477733 0.4539006147540984 0.5841538461538461 0.4846024590163934 0.5789473684210527 0.5286885245901639 0.583502024291498 0.5389344262295082 0.59665991902834 0.5420081967213115 0.6017206477732794 0.5379098360655737 0.6052631578947368 0.5245901639344263 0.6062753036437247 0.4375 0.6046123481781376 0.41198975409836064 0.5976325910931174 0.37056659836065575
0 0.6128542510121457 0.4149590163934426 0.6108299595141701 0.48258196721311475 0.6067813765182186 0.5256147540983607 0.6123481781376519 0.5440573770491803 0.6224696356275303 0.5522540983606558 0.6305668016194332 0.5399590163934426 0.6356275303643725 0.5245901639344263 0.6307272267206477 0.444641393442623 0.6316897773279353 0.3890850409836066 0.6312085020242915 0.3720276639344262 0.631578947368421 0.35963114754098363 0.6229757085020243 0.36065573770491804
0 0.6531113360323887 0.3808002049180328 0.6346153846153846 0.4395491803278688 0.631578947368421 0.4733606557377049 0.6255060728744939 0.5 0.625 0.5184426229508197 0.6280364372469636 0.5245901639344263 0.6371457489878543 0.5245901639344263 0.6492914979757085 0.5440573770491803 0.6543522267206477 0.5440573770491803 0.6604251012145749 0.5256147540983607 0.6629797570850202 0.5109190573770491 0.6602115384615385 0.4763176229508197 0.6639676113360324 0.4375 0.6662287449392713 0.4173504098360656 0.6638218623481781 0.39493340163934426 0.6621371457489879 0.3613063524590164 0.6548582995951417 0.35860655737704916 0.6540738866396761 0.3593575819672131 0.6531113360323887 0.35838319672131147 0.6543147773279352 0.3671547131147541
0 0.6690283400809717 0.36885245901639346 0.6695344129554656 0.4088114754098361 0.6578947368421053 0.4969262295081967 0.6568825910931174 0.5184426229508197 0.6629554655870445 0.5276639344262295 0.6710526315789473 0.5286885245901639 0.6734493927125507 0.5382090163934427 0.6789853238866397 0.5445450819672131 0.6852226720647774 0.5297131147540983 0.687753036437247 0.5051229508196722 0.6821862348178138 0.36168032786885246 0.6725708502024291 0.36065573770491804
0 0.6882591093117408 0.4918032786885246 0.687246963562753 0.5194672131147541 0.6887332995951416 0.5287059426229509 0.7022120445344129 0.5428391393442623 0.7060632591093118 0.5423514344262296 0.7159311740890688 0.5335799180327869 0.7291690283400809 0.5404026639344263 0.7335015182186234 0.523345286885246 0.7332995951417004 0.5081967213114754 0.7277327935222672 0.49077868852459017 0.7257085020242915 0.45491803278688525 0.7171346153846154 0.4288022540983607 0.7159311740890688 0.39468954918032784 0.7147277327935222 0.3834805327868852 0.713043016194332 0.3678862704918033 0.7118395748987855 0.36593647540983604 0.7095141700404858 0.367827868852459 0.7004048582995951 0.36885245901639346 0.6988866396761133 0.42827868852459017
0 0.7282388663967612 0.444672131147541 0.7277327935222672 0.48565573770491804 0.7343117408906883 0.5112704918032787 0.7520242914979757 0.5112704918032787 0.756578947368421 0.5040983606557377 0.771255060728745 0.4959016393442623 0.7722672064777328 0.48258196721311475 0.7563669028340081 0.4322141393442623 0.7452955465587044 0.38640471311475405 0.7428886639676113 0.37665778688524587 0.7413967611336032 0.367827868852459 0.7348178137651822 0.3709016393442623 0.7317813765182186 0.3780737704918033 0.7317813765182186 0.4088114754098361
0 0.7601214574898786 0.35655737704918034 0.7611336032388664 0.3760245901639344 0.7623846153846153 0.4283155737704918 0.7661943319838057 0.4702868852459016 0.7747975708502024 0.48258196721311475 0.7859311740890689 0.47950819672131145 0.8066801619433198 0.4344262295081967 0.8061740890688259 0.4262295081967213 0.7930161943319838 0.4057377049180328 0.771255060728745 0.33811475409836067 0.763663967611336 0.33811475409836067
0 0.7449392712550608 0.5512295081967213 0.7444331983805668 0.5594262295081968 0.7469635627530364 0.5686475409836066 0.7611336032388664 0.5860655737704918 0.7828947368421053 0.6383196721311475 0.7909919028340081 0.6475409836065574 0.8011133603238867 0.6506147540983607 0.8066801619433198 0.6506147540983607 0.7913876518218623 0.5988719262295082 0.8156973684210527 0.6261618852459017 0.8228744939271255 0.6188524590163934 0.8223684210526315 0.610655737704918 0.8147773279352226 0.6034836065573771 0.8152834008097166 0.5993852459016393 0.8132591093117408 0.5993852459016393 0.8011133603238867 0.5686475409836066 0.8011133603238867 0.5584016393442623 0.7955465587044535 0.5368852459016393 0.7844129554655871 0.5051229508196722 0.7737854251012146 0.5051229508196722 0.7479757085020243 0.5409836065573771
0 0.6710526315789473 0.5963114754098361 0.6685222672064778 0.6024590163934426 0.6690283400809717 0.6096311475409836 0.6837044534412956 0.6383196721311475 0.6993927125506073 0.6864754098360656 0.7074898785425101 0.6875 0.7074898785425101 0.6762295081967213 0.7024291497975709 0.6567622950819673 0.6941487854251012 0.6322530737704918 0.6948709514170041 0.6083739754098361 0.7061831983805668 0.6234815573770492 0.7129554655870445 0.6452868852459016 0.7201417004048583 0.6618852459016393 0.7241902834008097 0.6629098360655737 0.7272267206477733 0.6577868852459017 0.7241902834008097 0.6311475409836066 0.701417004048583 0.5778688524590164 0.6928137651821862 0.5747950819672131
0 0.6366396761133604 0.5932377049180327 0.6376518218623481 0.6055327868852459 0.6538461538461539 0.6516393442622951 0.6690283400809717 0.7315573770491803 0.6761133603238867 0.7397540983606558 0.6811740890688259 0.7387295081967213 0.6811740890688259 0.7069672131147541 0.6725708502024291 0.6536885245901639 0.6659919028340081 0.5799180327868853 0.646255060728745 0.5717213114754098
0 0.6189271255060729 0.5840163934426229 0.6128542510121457 0.6096311475409836 0.6239878542510121 0.6557377049180327 0.6336032388663968 0.7448770491803278 0.6422064777327935 0.7530737704918032 0.6467611336032388 0.7448770491803278 0.6472672064777328 0.7305327868852459 0.6447368421052632 0.6495901639344263 0.6396761133603239 0.5840163934426229 0.631578947368421 0.576844262295082 0.6224696356275303 0.5778688524590164
0 0.5895748987854251 0.5963114754098361 0.5890688259109311 0.6157786885245902 0.5926113360323887 0.6454918032786885 0.604757085020243 0.6997950819672131 0.6067813765182186 0.7274590163934426 0.6123481781376519 0.7469262295081968 0.6194331983805668 0.757172131147541 0.6229757085020243 0.7510245901639344 0.6234817813765182 0.7346311475409836 0.6199392712550608 0.7069672131147541 0.6204453441295547 0.6772540983606558 0.6158906882591093 0.6229508196721312 0.6118421052631579 0.5983606557377049 0.6002024291497976 0.5829918032786885 0.5946356275303644 0.5850409836065574
0 0.5657894736842105 0.5799180327868853 0.5637651821862348 0.5840163934426229 0.5642712550607287 0.6014344262295082 0.5683198380566802 0.6485655737704918 0.5723684210526315 0.6690573770491803 0.576417004048583 0.7182377049180327 0.5840080971659919 0.7397540983606558 0.5890688259109311 0.7315573770491803 0.5910931174089069 0.7213114754098361 0.5875506072874493 0.6383196721311475 0.5885627530364372 0.5952868852459017 0.5840080971659919 0.5809426229508197
0 0.5465587044534413 0.5850409836065574 0.5521255060728745 0.7202868852459017 0.562246963562753 0.7418032786885246 0.5659817813765182 0.7450717213114755 0.567546052631579 0.7362991803278689 0.5665835020242915 0.7094959016393442 0.5673076923076923 0.6398565573770492 0.5642712550607287 0.5850409836065574 0.555668016194332 0.5819672131147541
0 0.5258097165991903 0.5819672131147541 0.5261477732793521 0.5908299180327868 0.5263881578947368 0.5966782786885245 0.5263157894736842 0.6260245901639344 0.5314428137651822 0.6614938524590165 0.534919028340081 0.7120901639344263 0.5384225708502024 0.7394672131147542 0.5440283400809717 0.7008196721311475 0.5470647773279352 0.6557377049180327 0.5470647773279352 0.5829918032786885
0 0.5055668016194332 0.5932377049180327 0.5030364372469636 0.5983606557377049 0.5055668016194332 0.7151639344262295 0.513663967611336 0.7438524590163934 0.5172064777327935 0.7407786885245902 0.5197368421052632 0.7182377049180327 0.5288461538461539 0.5911885245901639 0.5172064777327935 0.5860655737704918
0 0.4767206477732793 0.6188524590163934 0.4741902834008097 0.7530737704918032 0.4777327935222672 0.764344262295082 0.48026315789473684 0.764344262295082 0.4893724696356275 0.7366803278688525 0.5025303643724697 0.6219262295081968 0.5020242914979757 0.6055327868852459 0.49696356275303644 0.5942622950819673 0.4898785425101215 0.5891393442622951 0.4782388663967611 0.6055327868852459
0 0.44635627530364375 0.6649590163934426 0.4458502024291498 0.7295081967213115 0.4549595141700405 0.7407786885245902 0.46204453441295545 0.7161885245901639 0.4645748987854251 0.6793032786885246 0.47621457489878544 0.6198770491803278 0.4757085020242915 0.6116803278688525 0.4665991902834008 0.5901639344262295 0.45445344129554655 0.5901639344262295 0.45040485829959515 0.5963114754098361
0 0.41458805668016196 0.7041270491803279 0.4104251012145749 0.7305327868852459 0.41194331983805665 0.735655737704918 0.4215587044534413 0.7346311475409836 0.4251781376518219 0.7216711065573771 0.42999190283400807 0.7041270491803279 0.4397773279352227 0.6547131147540983 0.4433198380566802 0.6424180327868853 0.4465996963562753 0.6339508196721312 0.4549595141700405 0.5983606557377049 0.4402834008097166 0.5778688524590164 0.4357287449392713 0.5778688524590164 0.42206477732793524 0.5911885245901639 0.42105263157894735 0.6331967213114754 0.4189205465587045 0.6709877049180328
0 0.36639676113360325 0.5942622950819673 0.3694331983805668 0.6157786885245902 0.3674089068825911 0.6618852459016393 0.3633603238866397 0.6967213114754098 0.3648785425101215 0.7090163934426229 0.3699392712550607 0.701844262295082 0.37044534412955465 0.6895491803278688 0.37955465587044535 0.6526639344262295 0.38917004048583 0.6495901639344263 0.4063765182186235 0.6188524590163934 0.40030364372469635 0.5911885245901639 0.3881578947368421 0.5706967213114754 0.3805668016194332 0.5686475409836066 0.3709514170040486 0.5727459016393442
0 0.3856275303643725 0.6854508196721312 0.3866396761133603 0.7090163934426229 0.38866396761133604 0.7120901639344263 0.39625506072874495 0.7038934426229508 0.416497975708502 0.6372950819672131 0.416497975708502 0.6229508196721312 0.4063765182186235 0.6219262295081968 0.39878542510121456 0.6383196721311475
0 0.2940283400809717 0.2510245901639344 0.29453441295546556 0.3135245901639344 0.2899797570850202 0.3411885245901639 0.29554655870445345 0.3760245901639344 0.30313765182186236 0.4108606557377049 0.30718623481781376 0.42008196721311475 0.3157894736842105 0.42827868852459017 0.3233805668016194 0.4293032786885246 0.3340080971659919 0.41188524590163933 0.3426113360323887 0.38114754098360654 0.3395748987854251 0.367827868852459 0.32793522267206476 0.3524590163934426 0.3107287449392713 0.3145491803278688 0.2990890688259109 0.2530737704918033 0.2950404858299595 0.24487704918032788