0 0.7353238866396761 0.2817622950819672 0.7332995951417004 0.2899590163934426 0.7332995951417004 0.3135245901639344 0.7515182186234818 0.33709016393442626 0.7586032388663968 0.35758196721311475 0.771255060728745 0.3739754098360656 0.7834008097165992 0.35860655737704916 0.7995951417004049 0.3176229508196721 0.8001012145748988 0.30635245901639346 0.7955465587044535 0.29098360655737704 0.7889676113360324 0.2807377049180328 0.7798582995951417 0.27459016393442626 0.7550607287449392 0.26331967213114754 0.7469635627530364 0.26639344262295084
0 0.7226720647773279 0.33811475409836067 0.7241902834008097 0.38422131147540983 0.7267206477732794 0.39651639344262296 0.722165991902834 0.44672131147540983 0.7236842105263158 0.47438524590163933 0.7322874493927125 0.4887295081967213 0.7464574898785425 0.47950819672131145 0.7596153846153846 0.48155737704918034 0.7651821862348178 0.4672131147540984 0.7667004048582996 0.44672131147540983 0.756578947368421 0.39549180327868855 0.756578947368421 0.38114754098360654 0.7489878542510121 0.33811475409836067 0.7419028340080972 0.33094262295081966 0.7398785425101214 0.3206967213114754 0.7343117408906883 0.32274590163934425
0 0.6821862348178138 0.3483606557377049 0.6848653846153847 0.411719262295082 0.673582995951417 0.4702868852459016 0.6740890688259109 0.49077868852459017 0.6862348178137652 0.5112704918032787 0.7110323886639676 0.5092213114754098 0.7176113360323887 0.4979508196721312 0.7211538461538461 0.47848360655737704 0.7176113360323887 0.4334016393442623 0.7130566801619433 0.4057377049180328 0.7181174089068826 0.3801229508196721 0.715080971659919 0.3452868852459016 0.7059716599190283 0.3135245901639344 0.7009109311740891 0.3104508196721312 0.6907894736842105 0.3176229508196721 0.6831983805668016 0.33811475409836067
0 0.6477732793522267 0.3760245901639344 0.6472672064777328 0.4733606557377049 0.6487854251012146 0.48360655737704916 0.6548582995951417 0.4959016393442623 0.6700404858299596 0.5020491803278688 0.6730769230769231 0.4979508196721312 0.6740890688259109 0.4426229508196721 0.6619433198380567 0.35450819672131145 0.6589068825910931 0.3514344262295082 0.6538461538461539 0.32889344262295084 0.6492914979757085 0.35040983606557374
0 0.6214574898785425 0.3524590163934426 0.6209514170040485 0.3801229508196721 0.6229757085020243 0.39036885245901637 0.6204453441295547 0.4364754098360656 0.6174089068825911 0.45491803278688525 0.6148785425101214 0.45799180327868855 0.6158906882591093 0.49077868852459017 0.6189271255060729 0.5010245901639344 0.6229757085020243 0.5051229508196722 0.6319134615384616 0.5115727459016394 0.6359949392712552 0.5178698770491803 0.6404655870445344 0.5182633196721311 0.6492125506072874 0.5127530737704918 0.6548496963562753 0.49976639344262297 0.646255060728745 0.4610655737704918 0.6467611336032388 0.430327868852459 0.6427125506072875 0.3514344262295082 0.6381578947368421 0.3125 0.631578947368421 0.305327868852459 0.6285425101214575 0.3073770491803279 0.6275303643724697 0.31864754098360654 0.6244939271255061 0.32172131147540983
0 0.5961538461538461 0.3637295081967213 0.5931174089068826 0.4077868852459016 0.5936234817813765 0.49077868852459017 0.5991902834008097 0.5122950819672131 0.611336032388664 0.5245901639344263 0.6204453441295547 0.5257479508196721 0.6199392712550608 0.5010245901639344 0.6200561740890688 0.44664241803278687 0.620251012145749 0.41397745901639343 0.6196675101214575 0.39744774590163934 0.6234817813765182 0.3411885245901639 0.6214574898785425 0.32274590163934425 0.6174089068825911 0.3114754098360656 0.6077935222672065 0.3125
0 0.5713562753036437 0.39549180327868855 0.5688259109311741 0.5133196721311475 0.5708502024291497 0.5235655737704918 0.5799595141700404 0.5266393442622951 0.590080971659919 0.5184426229508197 0.5941295546558705 0.5030737704918032 0.5885627530364372 0.3411885245901639 0.582995951417004 0.32479508196721313 0.5784412955465587 0.32581967213114754 0.5743927125506073 0.3442622950819672
0 0.5364372469635628 0.4989754098360656 0.5359311740890689 0.5307377049180327 0.5389676113360324 0.5399590163934426 0.5475708502024291 0.5440573770491803 0.5571862348178138 0.5420081967213115 0.5632591093117408 0.5368852459016393 0.5673076923076923 0.5256147540983607 0.5652834008097166 0.33299180327868855 0.5612348178137652 0.32786885245901637 0.5495951417004049 0.33401639344262296 0.5450404858299596 0.3555327868852459
0 0.5035425101214575 0.49385245901639346 0.5030364372469636 0.5286885245901639 0.5080971659919028 0.5420081967213115 0.5227732793522267 0.5461065573770492 0.5344129554655871 0.5399590163934426 0.5354251012145749 0.5133196721311475 0.5313765182186235 0.4713114754098361 0.5318825910931174 0.4262295081967213 0.52834008097166 0.36885245901639346 0.521255060728745 0.35963114754098363 0.513663967611336 0.35758196721311475 0.5086032388663968 0.3719262295081967 0.5060728744939271 0.4692622950819672
0 0.4782388663967611 0.3637295081967213 0.4782388663967611 0.4047131147540984 0.4812753036437247 0.4487704918032787 0.4772267206477733 0.5092213114754098 0.4853238866396761 0.5297131147540983 0.49949392712550605 0.5317622950819673 0.5025303643724697 0.5276639344262295 0.5040485829959515 0.514344262295082 0.5020242914979757 0.4262295081967213 0.4939271255060729 0.3401639344262295 0.4908906882591093 0.3360655737704918 0.48228744939271256 0.3401639344262295
0 0.4493927125506073 0.35348360655737704 0.4478744939271255 0.4067622950819672 0.4493927125506073 0.5225409836065574 0.4549595141700405 0.5368852459016393 0.46153846153846156 0.5389344262295082 0.4741902834008097 0.5122950819672131 0.47520242914979755 0.492827868852459 0.46558704453441296 0.36270491803278687 0.458502024291498 0.32274590163934425 0.45040485829959515 0.32991803278688525
0 0.4251012145748988 0.33299180327868855 0.4175101214574899 0.5133196721311475 0.4190283400809717 0.5245901639344263 0.42206477732793524 0.5286885245901639 0.4316801619433198 0.5297131147540983 0.44686234817813764 0.5174180327868853 0.4498987854251012 0.5030737704918032 0.4478744939271255 0.3237704918032787 0.4438259109311741 0.29815573770491804 0.43775303643724695 0.29815573770491804 0.43775303643724695 0.305327868852459 0.4276315789473684 0.32172131147540983
0 0.39119433198380565 0.48258196721311475 0.3901821862348178 0.5040983606557377 0.3982793522267207 0.5215163934426229 0.40789473684210525 0.5235655737704918 0.42105263157894735 0.5051229508196722 0.4225708502024291 0.40061475409836067 0.41953441295546556 0.3360655737704918 0.40789473684210525 0.33709016393442626 0.4043522267206478 0.41700819672131145
0 0.3436234817813765 0.46209016393442626 0.34463562753036436 0.4887295081967213 0.36082995951417 0.5092213114754098 0.38208502024291496 0.5010245901639344 0.3896761133603239 0.4805327868852459 0.38917004048583 0.46209016393442626 0.3815789473684211 0.4405737704918033 0.3765182186234818 0.4139344262295082 0.3724696356275304 0.35655737704918034 0.3689271255060729 0.3514344262295082 0.35728744939271256 0.3452868852459016 0.3522267206477733 0.3524590163934426 0.3476720647773279 0.367827868852459
0 0.2930161943319838 0.4344262295081967 0.2925101214574899 0.45901639344262296 0.2980769230769231 0.4733606557377049 0.32186234817813764 0.48975409836065575 0.3299595141700405 0.4918032786885246 0.3375506072874494 0.48770491803278687 0.3426113360323887 0.4600409836065574 0.3415991902834008 0.38831967213114754 0.33856275303643724 0.3709016393442623 0.3152834008097166 0.3473360655737705 0.3102226720647773 0.3514344262295082 0.3092105263157895 0.38114754098360654
0 0.4200404858299595 0.5625 0.41953441295546556 0.5758196721311475 0.4225708502024291 0.5963114754098361 0.42206477732793524 0.6782786885245902 0.41953441295546556 0.7120901639344263 0.4215587044534413 0.7120901639344263 0.4331983805668016 0.7049180327868853 0.4402834008097166 0.6342213114754098 0.4524291497975709 0.5829918032786885 0.45394736842105265 0.5665983606557377 0.4534412955465587 0.5604508196721312 0.4473684210526316 0.5512295081967213 0.4402834008097166 0.5491803278688525 0.4240890688259109 0.5512295081967213
0 0.4493927125506073 0.5932377049180327 0.4524291497975709 0.6813524590163934 0.45231072874493927 0.696733606557377 0.4515334008097166 0.7144446721311476 0.451417004048583 0.7223360655737705 0.45799595141700405 0.7182377049180327 0.4625506072874494 0.7059426229508197 0.47874493927125505 0.5922131147540983 0.479251012145749 0.5747950819672131 0.47621457489878544 0.5665983606557377 0.46710526315789475 0.5573770491803278 0.45293522267206476 0.5604508196721312
0 0.4777327935222672 0.5983606557377049 0.4817813765182186 0.6967213114754098 0.48633603238866396 0.7182377049180327 0.49139676113360325 0.7202868852459017 0.4959514170040486 0.7131147540983607 0.5025303643724697 0.6895491803278688 0.5030364372469636 0.5809426229508197 0.49291497975708504 0.5635245901639344 0.4848178137651822 0.5635245901639344 0.4797570850202429 0.5788934426229508
0 0.5055668016194332 0.5717213114754098 0.5045546558704453 0.5932377049180327 0.5091093117408907 0.673155737704918 0.513663967611336 0.7049180327868853 0.5217611336032388 0.7059426229508197 0.5237854251012146 0.6926229508196722 0.5232793522267206 0.6342213114754098 0.5263157894736842 0.5706967213114754 0.5126518218623481 0.5665983606557377
0 0.5440283400809717 0.5645491803278688 0.5435222672064778 0.5911885245901639 0.548582995951417 0.6567622950819673 0.5581983805668016 0.6967213114754098 0.562246963562753 0.6987704918032787 0.569331983805668 0.6915983606557377 0.5728744939271255 0.6782786885245902 0.569838056680162 0.6219262295081968 0.562246963562753 0.5747950819672131 0.5531376518218624 0.5614754098360656
0 0.562753036437247 0.5625 0.562753036437247 0.5799180327868853 0.5718623481781376 0.6598360655737705 0.5784412955465587 0.6977459016393442 0.5824898785425101 0.7131147540983607 0.5849716599190283 0.6975215163934426 0.5861381578947369 0.6916178278688525 0.5867211538461539 0.684140368852459 0.5840080971659919 0.5614754098360656 0.5718623481781376 0.5532786885245902 0.5642712550607287 0.5563524590163934
0 0.5870445344129555 0.5706967213114754 0.5865384615384616 0.5881147540983607 0.5921052631578947 0.6413934426229508 0.604251012145749 0.7141393442622951 0.6143724696356275 0.7592213114754098 0.6189271255060729 0.7694672131147541 0.6265182186234818 0.7725409836065574 0.6280364372469636 0.7377049180327869 0.6163967611336032 0.6622264344262295 0.6133603238866396 0.5911885245901639 0.6093117408906883 0.5676229508196722 0.603744939271255 0.5532786885245902 0.5956477732793523 0.548155737704918
0 0.6093117408906883 0.5594262295081968 0.6098178137651822 0.5737704918032787 0.6224696356275303 0.6168032786885246 0.6300607287449392 0.6680327868852459 0.638663967611336 0.701844262295082 0.646255060728745 0.7202868852459017 0.6513157894736842 0.7202868852459017 0.6523279352226721 0.6987704918032787 0.638663967611336 0.5532786885245902 0.6336032388663968 0.5409836065573771 0.6189271255060729 0.5389344262295082
0 0.6351214574898786 0.5399590163934426 0.6391700404858299 0.5758196721311475 0.6497975708502024 0.6229508196721312 0.6543522267206477 0.6711065573770492 0.6649797570850202 0.7131147540983607 0.6695344129554656 0.7202868852459017 0.6725708502024291 0.7192622950819673 0.6761133603238867 0.7049180327868853 0.6756072874493927 0.6834016393442623 0.6680161943319838 0.5399590163934426 0.6624493927125507 0.5297131147540983 0.6508097165991903 0.5266393442622951 0.645748987854251 0.5266393442622951