0 0.3147773279352227 0.45184426229508196 0.3142712550607287 0.4610655737704918 0.319331983805668 0.4733606557377049 0.33856275303643724 0.4918032786885246 0.3491902834008097 0.48975409836065575 0.3557692307692308 0.4682377049180328 0.3623481781376518 0.38831967213114754 0.3618421052631579 0.3719262295081967 0.35779352226720645 0.3668032786885246 0.3431174089068826 0.3668032786885246 0.333502024291498 0.3770491803278688
0 0.3522267206477733 0.48360655737704916 0.3522267206477733 0.4989754098360656 0.3714574898785425 0.5266393442622951 0.3841093117408907 0.5338114754098361 0.38917004048583 0.5327868852459017 0.3932186234817814 0.4733606557377049 0.39271255060728744 0.45594262295081966 0.3967611336032389 0.41598360655737704 0.39473684210526316 0.39651639344262296 0.39220647773279355 0.39036885245901637 0.3775303643724696 0.39651639344262296 0.3699392712550607 0.4323770491803279 0.3643724696356275 0.4395491803278688 0.3623481781376518 0.45594262295081966
0 0.3917004048582996 0.5122950819672131 0.38917004048583 0.5358606557377049 0.39625506072874495 0.5584016393442623 0.40030364372469635 0.5604508196721312 0.4084008097165992 0.5543032786885246 0.4251012145748988 0.5584016393442623 0.4347165991902834 0.5522540983606558 0.4367408906882591 0.5368852459016393 0.4357287449392713 0.5092213114754098 0.4276315789473684 0.49385245901639346 0.43218623481781376 0.4395491803278688 0.4300480769230769 0.43179303278688524 0.42864372469635625 0.41598360655737704 0.4238825910931174 0.39590266393442625 0.421955971659919 0.38653995901639343 0.41309261133603237 0.37483606557377047 0.4073886639676113 0.39549180327868855 0.39979757085020245 0.4713114754098361
0 0.3132879554655871 0.5737950819672131 0.3105900809716599 0.5815973360655737 0.3075075910931174 0.6011034836065574 0.3026315789473684 0.610655737704918 0.30465587044534415 0.6229508196721312 0.32034412955465585 0.6495901639344263 0.3259109311740891 0.6506147540983607 0.3502808704453441 0.6221690573770492 0.3564468623481782 0.6011034836065574 0.37449392712550605 0.5676229508196722 0.37601214574898784 0.5584016393442623 0.375 0.5502049180327869 0.3714574898785425 0.5440573770491803 0.3426113360323887 0.5092213114754098 0.3360323886639676 0.5081967213114754 0.3284412955465587 0.5184426229508197 0.3228744939271255 0.5368852459016393 0.31945344129554654 0.5581905737704917
0 0.4367408906882591 0.6219262295081968 0.43370445344129555 0.6875 0.4225708502024291 0.7581967213114754 0.42459514170040485 0.7704918032786885 0.4276315789473684 0.7745901639344263 0.4331983805668016 0.7663934426229508 0.44483805668016196 0.7346311475409836 0.45546558704453444 0.6782786885245902 0.46963562753036436 0.6301229508196722 0.46710526315789475 0.6229508196721312 0.4534412955465587 0.6168032786885246 0.44281376518218624 0.6157786885245902
0 0.44281376518218624 0.7561475409836066 0.4423076923076923 0.7684426229508197 0.4458502024291498 0.7786885245901639 0.451417004048583 0.7807377049180327 0.45546558704453444 0.7745901639344263 0.4645748987854251 0.7438524590163934 0.4767206477732793 0.7192622950819673 0.4807692307692308 0.7049180327868853 0.49139676113360325 0.6639344262295082 0.4898785425101215 0.6485655737704918 0.47520242914979755 0.6311475409836066 0.4701417004048583 0.6331967213114754 0.4665991902834008 0.6403688524590164
0 0.46153846153846156 0.7704918032786885 0.4610323886639676 0.7745901639344263 0.4665991902834008 0.7868852459016393 0.48633603238866396 0.7827868852459017 0.5187246963562753 0.6854508196721312 0.5187246963562753 0.6700819672131147 0.5111336032388664 0.6475409836065574 0.5010121457489879 0.6454918032786885 0.49291497975708504 0.6567622950819673 0.48582995951417 0.6844262295081968 0.48279352226720645 0.7079918032786885 0.465080971659919 0.7510245901639344
0 0.5531376518218624 0.6096311475409836 0.5587044534412956 0.7438524590163934 0.5642712550607287 0.7592213114754098 0.5683198380566802 0.7592213114754098 0.5748987854251012 0.7213114754098361 0.5759109311740891 0.6219262295081968 0.5723684210526315 0.6127049180327869 0.5612348178137652 0.6065573770491803 0.555668016194332 0.6055327868852459
0 0.5774291497975709 0.6372950819672131 0.5769230769230769 0.6618852459016393 0.5905870445344129 0.7530737704918032 0.6027327935222672 0.7715163934426229 0.6108299595141701 0.7704918032786885 0.6123481781376519 0.7540983606557377 0.6098178137651822 0.7213114754098361 0.6052631578947368 0.6670081967213115 0.5996963562753036 0.6342213114754098 0.5961538461538461 0.6280737704918032 0.5860323886639676 0.6270491803278688
0 0.6017206477732794 0.6301229508196722 0.5996963562753036 0.6475409836065574 0.6077935222672065 0.6721311475409836 0.617914979757085 0.7407786885245902 0.6270242914979757 0.7653688524590164 0.6346153846153846 0.7715163934426229 0.6376518218623481 0.7674180327868853 0.6371457489878543 0.7346311475409836 0.6270242914979757 0.6260245901639344 0.6239878542510121 0.6168032786885246 0.618421052631579 0.6147540983606558 0.6103238866396761 0.617827868852459
0 0.6270242914979757 0.6075819672131147 0.6255060728744939 0.6219262295081968 0.638663967611336 0.6834016393442623 0.6447368421052632 0.7520491803278688 0.6578947368421053 0.7715163934426229 0.6619433198380567 0.7704918032786885 0.666497975708502 0.7633196721311475 0.667004048582996 0.7551229508196722 0.659919028340081 0.6915983606557377 0.6578947368421053 0.617827868852459 0.65334008097166 0.6065573770491803
0 0.6771255060728745 0.5993852459016393 0.6761133603238867 0.6137295081967213 0.6811740890688259 0.6270491803278688 0.7246963562753036 0.6752049180327869 0.7510121457489879 0.6875 0.7545546558704453 0.6864754098360656 0.7586032388663968 0.6772540983606558 0.7580971659919028 0.6577868852459017 0.7530364372469636 0.6495901639344263 0.7525303643724697 0.6383196721311475 0.7479757085020243 0.6311475409836066 0.7398785425101214 0.6024590163934426 0.7277327935222672 0.5901639344262295 0.7196356275303644 0.5604508196721312 0.7130566801619433 0.5512295081967213 0.7024291497975709 0.5563524590163934 0.6897773279352226 0.5819672131147541
0 0.6963562753036437 0.3637295081967213 0.687753036437247 0.4036885245901639 0.6918016194331984 0.4887295081967213 0.701417004048583 0.5235655737704918 0.7135627530364372 0.5163934426229508 0.7322874493927125 0.4959016393442623 0.736336032388664 0.48975409836065575 0.7368421052631579 0.4723360655737705 0.7317813765182186 0.43135245901639346 0.7262145748987854 0.42520491803278687 0.7241902834008097 0.4149590163934426 0.7100202429149798 0.38934426229508196 0.7110323886639676 0.36885245901639346 0.7009109311740891 0.35860655737704916
0 0.6447368421052632 0.4600409836065574 0.645748987854251 0.5245901639344263 0.6482793522267206 0.5409836065573771 0.6538461538461539 0.548155737704918 0.6690283400809717 0.5543032786885246 0.6938259109311741 0.548155737704918 0.6973684210526315 0.5409836065573771 0.7009109311740891 0.5204918032786885 0.6862348178137652 0.4344262295081967 0.6776315789473685 0.4077868852459016 0.6705465587044535 0.3985655737704918 0.6573886639676113 0.4026639344262295 0.6538461538461539 0.4415983606557377 0.6467611336032388 0.45081967213114754
0 0.6255060728744939 0.3780737704918033 0.6275303643724697 0.5368852459016393 0.6346153846153846 0.5543032786885246 0.6492914979757085 0.555327868852459 0.6558704453441295 0.5440573770491803 0.6543522267206477 0.5081967213114754 0.6472672064777328 0.47540983606557374 0.645748987854251 0.43135245901639346 0.6361336032388664 0.39549180327868855 0.6275303643724697 0.3770491803278688
0 0.5991902834008097 0.4969262295081967 0.5951417004048583 0.5215163934426229 0.5956477732793523 0.5440573770491803 0.5991902834008097 0.5563524590163934 0.6148785425101214 0.5747950819672131 0.6234817813765182 0.576844262295082 0.6295546558704453 0.5717213114754098 0.6325910931174089 0.5635245901639344 0.6336032388663968 0.5491803278688525 0.6280364372469636 0.5204918032786885 0.6290485829959515 0.4918032786885246 0.6265182186234818 0.4395491803278688 0.6169028340080972 0.4405737704918033 0.6067813765182186 0.45901639344262296
0 0.5769230769230769 0.45491803278688525 0.576417004048583 0.5737704918032787 0.5784412955465587 0.5870901639344263 0.582995951417004 0.5952868852459017 0.5951417004048583 0.5973360655737705 0.6032388663967612 0.5860655737704918 0.6062753036437247 0.5645491803278688 0.5986842105263158 0.5563524590163934 0.5951417004048583 0.5292008196721312 0.5976720647773279 0.5010245901639344 0.6002024291497976 0.4969262295081967 0.5976720647773279 0.4415983606557377 0.5956477732793523 0.4375 0.5840080971659919 0.4375 0.5799595141700404 0.4426229508196721
0 0.5521255060728745 0.5010245901639344 0.5511133603238867 0.5502049180327869 0.555668016194332 0.610655737704918 0.5632591093117408 0.6157786885245902 0.5723684210526315 0.6147540983606558 0.5779352226720648 0.5850409836065574 0.5789473684210527 0.5286885245901639 0.5784412955465587 0.48155737704918034 0.5748987854251012 0.4487704918032787 0.5723684210526315 0.4426229508196721 0.5642712550607287 0.4415983606557377 0.5561740890688259 0.45389344262295084 0.5531376518218624 0.4702868852459016
0 0.5293522267206477 0.5 0.5253036437246964 0.6127049180327869 0.5404858299595142 0.6188524590163934 0.5465587044534413 0.6168032786885246 0.5526315789473685 0.6024590163934426 0.5541497975708503 0.5829918032786885 0.5506072874493927 0.5348360655737705 0.5526315789473685 0.46209016393442626 0.5445344129554656 0.45594262295081966 0.5369433198380567 0.45901639344262296 0.5339068825910931 0.4661885245901639
0 0.4939271255060729 0.5727459016393442 0.4939271255060729 0.6014344262295082 0.4984817813765182 0.6168032786885246 0.5096153846153846 0.6209016393442623 0.5177125506072875 0.6198770491803278 0.5232793522267206 0.6137295081967213 0.5273279352226721 0.4323770491803279 0.5268218623481782 0.41905737704918034 0.5232793522267206 0.4139344262295082 0.5172064777327935 0.4108606557377049 0.506578947368421 0.42008196721311475 0.5005060728744939 0.47438524590163933
0 0.462835020242915 0.4102141393442623 0.46060374493927125 0.42241393442622954 0.4574898785425101 0.45081967213114754 0.465289979757085 0.4888350409836066 0.46774493927125504 0.5236270491803279 0.4676113360323887 0.5788934426229508 0.4731781376518219 0.5952868852459017 0.4831427125506073 0.6090256147540983 0.4908906882591093 0.5809426229508197 0.49291497975708504 0.5584016393442623 0.48633603238866396 0.4610655737704918 0.479251012145749 0.4354508196721312 0.4665991902834008 0.4047131147540984
0 0.4367408906882591 0.4354508196721312 0.43370445344129555 0.45491803278688525 0.4342105263157895 0.5502049180327869 0.43623481781376516 0.5665983606557377 0.44129554655870445 0.5758196721311475 0.4549595141700405 0.5778688524590164 0.465080971659919 0.5614754098360656 0.46558704453441296 0.5399590163934426 0.45394736842105265 0.4774590163934426 0.45445344129554655 0.45799180327868855 0.4509109311740891 0.43135245901639346 0.44686234817813764 0.4262295081967213 0.43876518218623484 0.42520491803278687
0 0.4473254048582996 0.42648668032786885 0.4491108299595142 0.4608268442622951 0.45445344129554655 0.5973360655737705 0.466294028340081 0.6121946721311475 0.4716503036437247 0.5945727459016393 0.4734352226720648 0.5751434426229508 0.47499746963562756 0.5552622950819672 0.47231933198380566 0.5240850409836065 0.4685258097165992 0.4802561475409836 0.46517864372469636 0.4608268442622951 0.46183097165991904 0.4305532786885246 0.4551361336032389 0.4183534836065574 0.4508962550607287 0.4210645491803279