0 0.298582995951417 0.6075819672131147 0.298582995951417 0.6239754098360656 0.3066801619433198 0.6454918032786885 0.3228744939271255 0.6536885245901639 0.32945344129554655 0.6495901639344263 0.3319838056680162 0.6424180327868853 0.33451417004048584 0.6229508196721312 0.3350202429149798 0.5286885245901639 0.3299595141700405 0.5010245901639344 0.3243927125506073 0.4918032786885246 0.31781376518218624 0.49385245901639346 0.3076923076923077 0.5235655737704918
0 0.3395748987854251 0.49385245901639346 0.34058704453441296 0.5440573770491803 0.3340080971659919 0.610655737704918 0.3355263157894737 0.6290983606557377 0.34210526315789475 0.6434426229508197 0.3638663967611336 0.6485655737704918 0.3699392712550607 0.632172131147541 0.3674089068825911 0.5788934426229508 0.37044534412955465 0.5573770491803278 0.36639676113360325 0.48975409836065575 0.35880566801619435 0.4774590163934426 0.34868421052631576 0.4764344262295082 0.3410931174089069 0.48565573770491804
0 0.3709514170040486 0.6004098360655737 0.3709514170040486 0.6362704918032787 0.3765182186234818 0.6485655737704918 0.39220647773279355 0.6485655737704918 0.40131578947368424 0.6536885245901639 0.4073886639676113 0.6475409836065574 0.4109311740890688 0.6372950819672131 0.41194331983805665 0.6188524590163934 0.40536437246963564 0.5092213114754098 0.39625506072874495 0.4702868852459016 0.38461538461538464 0.45799180327868855 0.37803643724696356 0.4969262295081967 0.3790485829959514 0.5030737704918032 0.37449392712550605 0.5358606557377049
0 0.4068825910931174 0.48258196721311475 0.4084008097165992 0.6086065573770492 0.4109311740890688 0.6301229508196722 0.41295546558704455 0.6352459016393442 0.4185222672064777 0.6372950819672131 0.43218623481781376 0.6331967213114754 0.4367408906882591 0.625 0.43876518218623484 0.6137295081967213 0.42965587044534415 0.4661885245901639 0.4271255060728745 0.45081967213114754 0.42105263157894735 0.4426229508196721 0.4104251012145749 0.44364754098360654 0.4084008097165992 0.44979508196721313
0 0.4311740890688259 0.4723360655737705 0.4311740890688259 0.5952868852459017 0.4367408906882591 0.6157786885245902 0.4438259109311741 0.617827868852459 0.4519230769230769 0.6065573770491803 0.4534412955465587 0.5942622950819673 0.451417004048583 0.4948770491803279 0.4478744939271255 0.44672131147540983 0.4357287449392713 0.44672131147540983
0 0.4534412955465587 0.4661885245901639 0.45293522267206476 0.5194672131147541 0.4569838056680162 0.5983606557377049 0.4600202429149798 0.6116803278688525 0.4645748987854251 0.6147540983606558 0.4706477732793522 0.6075819672131147 0.48228744939271256 0.5676229508196722 0.48228744939271256 0.48975409836065575 0.4772267206477733 0.45081967213114754 0.47368421052631576 0.44364754098360654 0.4549595141700405 0.44672131147540983
0 0.48279352226720645 0.5081967213114754 0.4807692307692308 0.5860655737704918 0.48279352226720645 0.5973360655737705 0.4898785425101215 0.6034836065573771 0.49949392712550605 0.5922131147540983 0.5010121457489879 0.576844262295082 0.5035425101214575 0.46311475409836067 0.49949392712550605 0.444672131147541 0.49139676113360325 0.44774590163934425 0.4853238866396761 0.47848360655737704
0 0.5020242914979757 0.44672131147540983 0.5040485829959515 0.45286885245901637 0.5030364372469636 0.5717213114754098 0.5121457489878543 0.5788934426229508 0.5172064777327935 0.5727459016393442 0.5232793522267206 0.5522540983606558 0.5258097165991903 0.5030737704918032 0.5237854251012146 0.44774590163934425 0.521255060728745 0.4395491803278688 0.5055668016194332 0.4395491803278688
0 0.5247975708502024 0.5327868852459017 0.5253036437246964 0.5758196721311475 0.5344129554655871 0.5809426229508197 0.5455465587044535 0.5706967213114754 0.5541497975708503 0.47950819672131145 0.5541497975708503 0.4426229508196721 0.5521255060728745 0.4375 0.5440283400809717 0.4354508196721312 0.5364372469635628 0.444672131147541 0.527834008097166 0.49385245901639346
0 0.5759109311740891 0.49385245901639346 0.5743927125506073 0.5512295081967213 0.5809716599190283 0.576844262295082 0.5865384615384616 0.5840163934426229 0.5915991902834008 0.5829918032786885 0.6007085020242915 0.5645491803278688 0.604251012145749 0.48668032786885246 0.6027327935222672 0.44774590163934425 0.5921052631578947 0.4426229508196721 0.5824898785425101 0.444672131147541
0 0.6376518218623481 0.5389344262295082 0.6376518218623481 0.5717213114754098 0.6427125506072875 0.5829918032786885 0.6695344129554656 0.5963114754098361 0.6771255060728745 0.5881147540983607 0.6796558704453441 0.5737704918032787 0.6786437246963563 0.5525952868852458 0.6842105263157895 0.48975409836065575 0.6902834008097166 0.4702868852459016 0.6918016194331984 0.45389344262295084 0.687246963562753 0.430327868852459 0.6781376518218624 0.4149590163934426 0.6700404858299596 0.41598360655737704 0.6563765182186235 0.4375
0 0.6811740890688259 0.5225409836065574 0.6781376518218624 0.548155737704918 0.6781376518218624 0.5584016393442623 0.6811740890688259 0.5686475409836066 0.7059716599190283 0.5737704918032787 0.7165991902834008 0.5594262295081968 0.7181174089068826 0.5040983606557377 0.7165991902834008 0.4385245901639344 0.7140688259109311 0.430327868852459 0.7165991902834008 0.42315573770491804 0.7049595141700404 0.41905737704918034 0.6862348178137652 0.48975409836065575 0.6852226720647774 0.5153688524590164
0 0.7181174089068826 0.6075819672131147 0.7176113360323887 0.6239754098360656 0.7211538461538461 0.6413934426229508 0.7413967611336032 0.680327868852459 0.7459514170040485 0.7049180327868853 0.7540485829959515 0.7284836065573771 0.7687246963562753 0.7274590163934426 0.7727732793522267 0.7223360655737705 0.7732793522267206 0.7120901639344263 0.7643901821862348 0.6735399590163934 0.7829433198380567 0.6889620901639344 0.7894736842105263 0.6782786885245902 0.7889676113360324 0.6629098360655737 0.7828947368421053 0.6444672131147541 0.771255060728745 0.6280737704918032 0.7656882591093117 0.5983606557377049 0.7555668016194332 0.5717213114754098 0.7505060728744939 0.569672131147541 0.7358299595141701 0.5840163934426229 0.7322874493927125 0.5922131147540983 0.722165991902834 0.5993852459016393
0 0.6720647773279352 0.6260245901639344 0.6695344129554656 0.6311475409836066 0.6695344129554656 0.6434426229508197 0.6730769230769231 0.6557377049180327 0.7201417004048583 0.7622950819672131 0.729251012145749 0.7612704918032787 0.7183977732793523 0.7047786885245902 0.7413967611336032 0.7305327868852459 0.7474969635627531 0.7348309426229509 0.7520242914979757 0.7274590163934426 0.7120445344129555 0.6034836065573771 0.7009109311740891 0.5993852459016393 0.6796558704453441 0.6239754098360656
0 0.6239878542510121 0.7090163934426229 0.6239878542510121 0.7725409836065574 0.6305668016194332 0.7848360655737705 0.6341093117408907 0.7848360655737705 0.638663967611336 0.7704918032786885 0.6482793522267206 0.6844262295081968 0.6578947368421053 0.6301229508196722 0.6563765182186235 0.6168032786885246 0.6417004048582996 0.5963114754098361 0.6325910931174089 0.5973360655737705 0.6280364372469636 0.6086065573770492
0 0.5941295546558705 0.6270491803278688 0.5910931174089069 0.6844262295081968 0.5921052631578947 0.7438524590163934 0.5946356275303644 0.7704918032786885 0.5996963562753036 0.7807377049180327 0.6057692307692307 0.7786885245901639 0.6088056680161943 0.7715163934426229 0.6229757085020243 0.6290983606557377 0.6194331983805668 0.610655737704918 0.611336032388664 0.6024590163934426 0.5991902834008097 0.6137295081967213
0 0.5668016194331984 0.6782786885245902 0.5637651821862348 0.7387295081967213 0.5657894736842105 0.7817622950819673 0.5642712550607287 0.7868852459016393 0.5678137651821862 0.7920081967213115 0.5759109311740891 0.7930327868852459 0.5850202429149798 0.7674180327868853 0.5915991902834008 0.7274590163934426 0.5936234817813765 0.6301229508196722 0.5926113360323887 0.6147540983606558 0.5890688259109311 0.6065573770491803 0.5799595141700404 0.5993852459016393 0.5723684210526315 0.6116803278688525
0 0.5516194331983806 0.6147540983606558 0.5521255060728745 0.6409836065573771 0.5435222672064778 0.7202868852459017 0.5460526315789473 0.7397540983606558 0.5501012145748988 0.7438524590163934 0.5526315789473685 0.7438524590163934 0.562753036437247 0.7182377049180327 0.5688259109311741 0.6629098360655737 0.5718623481781376 0.5993852459016393 0.5673076923076923 0.5952868852459017 0.5546558704453441 0.6004098360655737
0 0.5344129554655871 0.6680327868852459 0.5339068825910931 0.7284836065573771 0.5369433198380567 0.7407786885245902 0.5404858299595142 0.7407786885245902 0.5470647773279352 0.7233606557377049 0.5526315789473685 0.6495901639344263 0.5501012145748988 0.6147540983606558 0.5399797570850202 0.610655737704918
0 0.5197368421052632 0.632172131147541 0.5187246963562753 0.7090163934426229 0.520748987854251 0.7387295081967213 0.5258097165991903 0.7418032786885246 0.5308704453441295 0.7325819672131147 0.5339068825910931 0.7172131147540983 0.5389676113360324 0.6209016393442623 0.5379554655870445 0.6168032786885246 0.5334008097165992 0.617827868852459 0.521255060728745 0.6270491803278688
0 0.5025303643724697 0.6331967213114754 0.5035425101214575 0.7407786885245902 0.5055668016194332 0.7510245901639344 0.5096153846153846 0.7510245901639344 0.513663967611336 0.7397540983606558 0.5172064777327935 0.7120901639344263 0.5187246963562753 0.6516393442622951 0.5141700404858299 0.6260245901639344 0.5050607287449392 0.6229508196721312
0 0.4782388663967611 0.6362704918032787 0.47520242914979755 0.757172131147541 0.4782388663967611 0.7817622950819673 0.48582995951417 0.7868852459016393 0.49038461538461536 0.7827868852459017 0.5010121457489879 0.7397540983606558 0.5010121457489879 0.6465163934426229 0.5 0.6290983606557377 0.4964574898785425 0.6239754098360656 0.48228744939271256 0.6239754098360656
0 0.41143724696356276 0.7622950819672131 0.4068825910931174 0.7991803278688525 0.409919028340081 0.8135245901639344 0.41953441295546556 0.8135245901639344 0.4352226720647773 0.7940573770491803 0.44888663967611336 0.7592213114754098 0.46305668016194335 0.701844262295082 0.47520242914979755 0.6752049180327869 0.47520242914979755 0.6577868852459017 0.46204453441295545 0.6454918032786885 0.4549595141700405 0.6270491803278688 0.44534412955465585 0.6331967213114754 0.4331983805668016 0.6608606557377049
0 0.33653846153846156 0.6834016393442623 0.333502024291498 0.7090163934426229 0.32793522267206476 0.7284836065573771 0.3284412955465587 0.735655737704918 0.33299595141700405 0.742827868852459 0.34463562753036436 0.7418032786885246 0.3598178137651822 0.7243852459016393 0.3643724696356275 0.7264344262295082 0.3694331983805668 0.7377049180327869 0.3729757085020243 0.7377049180327869 0.38208502024291496 0.7151639344262295 0.3825910931174089 0.6905737704918032 0.3734817813765182 0.6700819672131147 0.3648785425101215 0.6659836065573771 0.3451417004048583 0.6680327868852459