0 0.28846153846153844 0.44672131147540983 0.2808704453441296 0.5717213114754098 0.28694331983805665 0.5870901639344263 0.3142712550607287 0.5952868852459017 0.3223684210526316 0.5860655737704918 0.3243927125506073 0.5737704918032787 0.31629554655870445 0.44979508196721313 0.3107287449392713 0.4364754098360656 0.291497975708502 0.4385245901639344
0 0.3248987854251012 0.5737704918032787 0.3243927125506073 0.5881147540983607 0.326417004048583 0.6024590163934426 0.3299595141700405 0.6096311475409836 0.3557692307692308 0.6116803278688525 0.3618421052631579 0.6075819672131147 0.36639676113360325 0.5922131147540983 0.36690283400809715 0.4805327868852459 0.3648785425101215 0.4610655737704918 0.35728744939271256 0.4323770491803279 0.3491902834008097 0.430327868852459 0.3415991902834008 0.4415983606557377 0.33299595141700405 0.5235655737704918 0.32894736842105265 0.5327868852459017
0 0.3638663967611336 0.6075819672131147 0.3643724696356275 0.6229508196721312 0.37550607287449395 0.6362704918032787 0.3932186234817814 0.6239754098360656 0.3982793522267207 0.6116803278688525 0.39119433198380565 0.4692622950819672 0.3815789473684211 0.45286885245901637 0.37601214574898784 0.45594262295081966 0.3729757085020243 0.4764344262295082
0 0.39625506072874495 0.45184426229508196 0.39220647773279355 0.4661885245901639 0.3967611336032389 0.6219262295081968 0.40030364372469635 0.6290983606557377 0.40536437246963564 0.6301229508196722 0.4159919028340081 0.6239754098360656 0.4291497975708502 0.6086065573770492 0.4311740890688259 0.5901639344262295 0.4104251012145749 0.4692622950819672 0.40536437246963564 0.45389344262295084 0.40030364372469635 0.44774590163934425
0 0.4180161943319838 0.4364754098360656 0.4159919028340081 0.44364754098360654 0.42054655870445345 0.5327868852459017 0.4311740890688259 0.5891393442622951 0.42611336032388664 0.6147540983606558 0.4316801619433198 0.6239754098360656 0.4438259109311741 0.6229508196721312 0.4519230769230769 0.6127049180327869 0.45445344129554655 0.5993852459016393 0.4534412955465587 0.5840163934426229 0.4473684210526316 0.5604508196721312 0.4392712550607287 0.48155737704918034 0.42813765182186236 0.4426229508196721 0.4240890688259109 0.4354508196721312
0 0.4534412955465587 0.46209016393442626 0.4564777327935223 0.48668032786885246 0.45394736842105265 0.5174180327868853 0.4564777327935223 0.6055327868852459 0.46204453441295545 0.6198770491803278 0.4817813765182186 0.6147540983606558 0.4853238866396761 0.6065573770491803 0.4853238866396761 0.5993852459016393 0.4782388663967611 0.5594262295081968 0.47520242914979755 0.5040983606557377 0.4716599190283401 0.48360655737704916 0.4665991902834008 0.4600409836065574
0 0.48582995951417 0.45799180327868855 0.4817813765182186 0.5092213114754098 0.4873481781376518 0.5512295081967213 0.48431174089068824 0.5778688524590164 0.4853238866396761 0.5993852459016393 0.4974696356275304 0.6424180327868853 0.506578947368421 0.6444672131147541 0.5217611336032388 0.6352459016393442 0.5119175101214575 0.6060747950819672 0.5110328947368421 0.5839897540983607 0.5219407894736843 0.5911526639344262 0.5151821862348178 0.4456967213114754 0.5182186234817814 0.4262295081967213 0.5131578947368421 0.42008196721311475 0.4964574898785425 0.42213114754098363
0 0.5263157894736842 0.5717213114754098 0.5258097165991903 0.5840163934426229 0.5369433198380567 0.6219262295081968 0.5516194331983806 0.6188524590163934 0.5501012145748988 0.6024590163934426 0.5531376518218624 0.5860655737704918 0.5607287449392713 0.5870901639344263 0.5708502024291497 0.4979508196721312 0.5718623481781376 0.47438524590163933 0.5652834008097166 0.45799180327868855 0.5435222672064778 0.46209016393442626
0 0.5637651821862348 0.5901639344262295 0.5642712550607287 0.6147540983606558 0.5814777327935222 0.6229508196721312 0.5885627530364372 0.6168032786885246 0.5951417004048583 0.5286885245901639 0.5976720647773279 0.47438524590163933 0.5956477732793523 0.4661885245901639 0.5819838056680162 0.4661885245901639 0.5718623481781376 0.5276639344262295 0.5708502024291497 0.5522540983606558
0 0.5910931174089069 0.5952868852459017 0.5910931174089069 0.6147540983606558 0.5956477732793523 0.625 0.6148785425101214 0.6270491803278688 0.6199392712550608 0.6209016393442623 0.6214574898785425 0.6034836065573771 0.618421052631579 0.5901639344262295 0.6265182186234818 0.5461065573770492 0.6310728744939271 0.5338114754098361 0.6356275303643725 0.47848360655737704 0.6351214574898786 0.4487704918032787 0.6295546558704453 0.4395491803278688 0.6229757085020243 0.4395491803278688 0.6148785425101214 0.4600409836065574 0.6062753036437247 0.5081967213114754 0.6017206477732794 0.5502049180327869
0 0.6163967611336032 0.5932377049180327 0.6163967611336032 0.6065573770491803 0.6255060728744939 0.6239754098360656 0.6427125506072875 0.6311475409836066 0.6503036437246964 0.6219262295081968 0.6492914979757085 0.576844262295082 0.6553643724696356 0.5040983606557377 0.6538461538461539 0.4805327868852459 0.646255060728745 0.45594262295081966 0.6401821862348178 0.46209016393442626 0.6376518218623481 0.4702868852459016 0.6341093117408907 0.48975409836065575 0.6336032388663968 0.5153688524590164 0.6300607287449392 0.5409836065573771
0 0.6553643724696356 0.5 0.6518218623481782 0.5829918032786885 0.6705465587044535 0.5983606557377049 0.6745951417004049 0.5942622950819673 0.6796558704453441 0.5532786885245902 0.6771255060728745 0.49385245901639346 0.673582995951417 0.48258196721311475 0.6629554655870445 0.48155737704918034 0.6563765182186235 0.48975409836065575
0 0.6776315789473685 0.48565573770491804 0.6811740890688259 0.5635245901639344 0.6766194331983806 0.5799180327868853 0.6766194331983806 0.5911885245901639 0.7004048582995951 0.6260245901639344 0.7049595141700404 0.6301229508196722 0.708502024291498 0.6280737704918032 0.7186234817813765 0.6137295081967213 0.7211538461538461 0.5942622950819673 0.6993927125506073 0.4661885245901639 0.6953441295546559 0.45799180327868855 0.6882591093117408 0.45799180327868855
0 0.7236842105263158 0.4456967213114754 0.7165991902834008 0.5389344262295082 0.7165991902834008 0.5594262295081968 0.7201417004048583 0.5840163934426229 0.7398785425101214 0.5952868852459017 0.7596153846153846 0.5809426229508197 0.763663967611336 0.5727459016393442 0.7646761133603239 0.5584016393442623 0.757085020242915 0.430327868852459 0.7358299595141701 0.42520491803278687 0.7267206477732794 0.4354508196721312
0 0.7555668016194332 0.430327868852459 0.7575910931174089 0.5051229508196722 0.7621457489878543 0.5471311475409836 0.7661943319838057 0.5604508196721312 0.771255060728745 0.5645491803278688 0.7869433198380567 0.5604508196721312 0.8041497975708503 0.5348360655737705 0.805668016194332 0.5276639344262295 0.8041497975708503 0.5102459016393442 0.7925101214574899 0.48258196721311475 0.7813765182186235 0.4375 0.7646761133603239 0.42827868852459017
0 0.6912955465587044 0.6854508196721312 0.6918016194331984 0.6987704918032787 0.6993927125506073 0.7110655737704918 0.7327935222672065 0.7418032786885246 0.7505060728744939 0.7510245901639344 0.7580971659919028 0.7510245901639344 0.7682186234817814 0.7438524590163934 0.7788461538461539 0.7182377049180327 0.777834008097166 0.7090163934426229 0.7646761133603239 0.6844262295081968 0.7378542510121457 0.6536885245901639 0.728744939271255 0.6311475409836066 0.7196356275303644 0.6229508196721312 0.7110323886639676 0.6301229508196722
0 0.6300607287449392 0.6567622950819673 0.6300607287449392 0.6762295081967213 0.6376518218623481 0.7028688524590164 0.6442307692307693 0.7407786885245902 0.645748987854251 0.7756147540983607 0.6523279352226721 0.8022540983606558 0.6578947368421053 0.8145491803278688 0.6659919028340081 0.8135245901639344 0.6690283400809717 0.8063524590163934 0.6695344129554656 0.7827868852459017 0.6629554655870445 0.7192622950819673 0.6619433198380567 0.6618852459016393 0.6578947368421053 0.6547131147540983 0.638663967611336 0.6475409836065574 0.6336032388663968 0.6495901639344263
0 0.6017206477732794 0.6711065573770492 0.6022267206477733 0.7243852459016393 0.6067813765182186 0.7848360655737705 0.6108299595141701 0.805327868852459 0.6148785425101214 0.8094262295081968 0.6204453441295547 0.805327868852459 0.6234817813765182 0.7971311475409836 0.6305668016194332 0.680327868852459 0.6275303643724697 0.6577868852459017 0.6103238866396761 0.6588114754098361
0 0.5657894736842105 0.7540983606557377 0.5652834008097166 0.7715163934426229 0.5678137651821862 0.7920081967213115 0.5819838056680162 0.8217213114754098 0.5870445344129555 0.8227459016393442 0.6007085020242915 0.6885245901639344 0.6002024291497976 0.6557377049180327 0.5759109311740891 0.6536885245901639
0 0.5425101214574899 0.7520491803278688 0.5404858299595142 0.7735655737704918 0.548582995951417 0.7879098360655737 0.5536437246963563 0.7838114754098361 0.5657894736842105 0.7325819672131147 0.5713562753036437 0.6977459016393442 0.5733805668016194 0.6577868852459017 0.5708502024291497 0.6536885245901639 0.5587044534412956 0.6495901639344263 0.5546558704453441 0.6547131147540983 0.5526315789473685 0.6854508196721312
0 0.521255060728745 0.7510245901639344 0.5222672064777328 0.764344262295082 0.520748987854251 0.7674180327868853 0.5237854251012146 0.7745901639344263 0.5369433198380567 0.7735655737704918 0.541497975708502 0.7653688524590164 0.5526315789473685 0.6741803278688525 0.5531376518218624 0.6475409836065574 0.5334008097165992 0.6465163934426229 0.5293522267206477 0.7028688524590164
0 0.5045546558704453 0.7038934426229508 0.5020242914979757 0.7776639344262295 0.5055668016194332 0.7827868852459017 0.513663967611336 0.7797131147540983 0.5167004048582996 0.7715163934426229 0.5293522267206477 0.673155737704918 0.5303643724696356 0.6454918032786885 0.520242914979757 0.6434426229508197 0.5091093117408907 0.6475409836065574
0 0.4812753036437247 0.6557377049180327 0.4812753036437247 0.6875 0.4741902834008097 0.7899590163934426 0.48228744939271256 0.8002049180327869 0.49038461538461536 0.7756147540983607 0.4959514170040486 0.7469262295081968 0.507085020242915 0.6567622950819673 0.49544534412955465 0.6475409836065574 0.48431174089068824 0.6485655737704918
0 0.4524291497975709 0.6629098360655737 0.4519230769230769 0.701844262295082 0.4473684210526316 0.7581967213114754 0.4407894736842105 0.7991803278688525 0.4433198380566802 0.8084016393442623 0.4493927125506073 0.8125 0.4549595141700405 0.8084016393442623 0.4645748987854251 0.7827868852459017 0.479251012145749 0.6772540983606558 0.4797570850202429 0.6588114754098361 0.4757085020242915 0.6495901639344263 0.46963562753036436 0.6475409836065574 0.4549595141700405 0.6536885245901639
0 0.41143724696356276 0.7622950819672131 0.41143724696356276 0.8032786885245902 0.4175101214574899 0.8032786885245902 0.4276315789473684 0.7899590163934426 0.45293522267206476 0.6823770491803278 0.444331983805668 0.6516393442622951 0.42611336032388664 0.6577868852459017 0.42105263157894735 0.7049180327868853 0.41548582995951416 0.7264344262295082
0 0.37196356275303644 0.7510245901639344 0.37196356275303644 0.7674180327868853 0.38461538461538464 0.7766393442622951 0.39220647773279355 0.7551229508196722 0.39625506072874495 0.7090163934426229 0.37955465587044535 0.7038934426229508
0 0.270748987854251 0.6864754098360656 0.2692307692307692 0.6926229508196722 0.270748987854251 0.7202868852459017 0.2839068825910931 0.735655737704918 0.29200404858299595 0.7366803278688525 0.3102226720647773 0.7284836065573771 0.3426113360323887 0.6987704918032787 0.3517206477732793 0.6854508196721312 0.354251012145749 0.673155737704918 0.3410931174089069 0.6372950819672131 0.333502024291498 0.6301229508196722 0.3142712550607287 0.6229508196721312 0.3066801619433198 0.6280737704918032 0.29200404858299595 0.6588114754098361 0.2859311740890688 0.6659836065573771 0.28289473684210525 0.6608606557377049 0.2808704453441296 0.673155737704918
0 0.2591093117408907 0.4661885245901639 0.25455465587044535 0.514344262295082 0.2606275303643725 0.5307377049180327 0.2692307692307692 0.5440573770491803 0.2742914979757085 0.5491803278688525 0.27884615384615385 0.5471311475409836 0.2834008097165992 0.5256147540983607 0.28289473684210525 0.4887295081967213 0.2793522267206478 0.46209016393442626 0.2682186234817814 0.4569672131147541