0 0.25303643724696356 0.39959016393442626 0.25303643724696356 0.41188524590163933 0.2591093117408907 0.42008196721311475 0.27125506072874495 0.45389344262295084 0.2758097165991903 0.45594262295081966 0.29048582995951416 0.4487704918032787 0.29605263157894735 0.4354508196721312 0.29959514170040485 0.4077868852459016 0.2965587044534413 0.32581967213114754 0.29048582995951416 0.3165983606557377 0.28036437246963564 0.32172131147540983 0.27479757085020245 0.33299180327868855 0.2722672064777328 0.35040983606557374 0.2560728744939271 0.38524590163934425
0 0.3001012145748988 0.41905737704918034 0.298582995951417 0.444672131147541 0.3097165991902834 0.4661885245901639 0.31781376518218624 0.47438524590163933 0.33046558704453444 0.4733606557377049 0.33856275303643724 0.4661885245901639 0.33451417004048584 0.35655737704918034 0.32945344129554655 0.3094262295081967 0.3269230769230769 0.3043032786885246 0.3188259109311741 0.3094262295081967
0 0.33805668016194335 0.42520491803278687 0.3375506072874494 0.45081967213114754 0.3431174089068826 0.4733606557377049 0.34868421052631576 0.48155737704918034 0.35779352226720645 0.47540983606557374 0.37398785425101216 0.48360655737704916 0.3841093117408907 0.4682377049180328 0.3851214574898785 0.4487704918032787 0.3689271255060729 0.305327868852459 0.3643724696356275 0.3043032786885246 0.35020242914979755 0.32172131147540983 0.34615384615384615 0.3401639344262295 0.34615384615384615 0.38524590163934425
0 0.3866396761133603 0.3555327868852459 0.38866396761133604 0.3957479508196721 0.3856275303643725 0.4385245901639344 0.3881578947368421 0.4569672131147541 0.3861336032388664 0.47438524590163933 0.39473684210526316 0.48975409836065575 0.39979757085020245 0.49077868852459017 0.40941295546558704 0.4774590163934426 0.4144736842105263 0.45901639344262296 0.40941295546558704 0.3729508196721312 0.4043522267206478 0.3411885245901639 0.3967611336032389 0.32991803278688525 0.38866396761133604 0.3350409836065574
0 0.4200404858299595 0.3524590163934426 0.41953441295546556 0.39139344262295084 0.41194331983805665 0.4805327868852459 0.41953441295546556 0.4969262295081967 0.4251012145748988 0.5 0.4423076923076923 0.4764344262295082 0.44483805668016196 0.46311475409836067 0.44483805668016196 0.4415983606557377 0.43724696356275305 0.33709016393442626 0.4291497975708502 0.3206967213114754 0.4256072874493927 0.319672131147541 0.4230769230769231 0.3237704918032787
0 0.45040485829959515 0.33709016393442626 0.4438259109311741 0.48155737704918034 0.4473684210526316 0.4979508196721312 0.4549595141700405 0.507172131147541 0.46356275303643724 0.5081967213114754 0.4706477732793522 0.5020491803278688 0.47520242914979755 0.48975409836065575 0.472165991902834 0.3360655737704918 0.4665991902834008 0.3125 0.4569838056680162 0.3043032786885246 0.45394736842105265 0.3084016393442623
0 0.47621457489878544 0.32991803278688525 0.4797570850202429 0.4057377049180328 0.4767206477732793 0.4415983606557377 0.4772267206477733 0.492827868852459 0.48228744939271256 0.5030737704918032 0.49038461538461536 0.5092213114754098 0.5111336032388664 0.507172131147541 0.5151821862348178 0.4979508196721312 0.5156882591093117 0.4723360655737705 0.5075910931174089 0.35758196721311475 0.5020242914979757 0.32991803278688525 0.4924089068825911 0.31864754098360654 0.4898785425101215 0.3094262295081967 0.4817813765182186 0.3125
0 0.513663967611336 0.367827868852459 0.5131578947368421 0.4036885245901639 0.5192307692307693 0.42691290983606556 0.5182186234817814 0.45901639344262296 0.520242914979757 0.4969262295081967 0.52834008097166 0.5051229508196722 0.5501012145748988 0.5020491803278688 0.5566801619433198 0.4969262295081967 0.562753036437247 0.4805327868852459 0.5617408906882592 0.4426229508196721 0.5541497975708503 0.4139344262295082 0.5490890688259109 0.36475409836065575 0.5399797570850202 0.3176229508196721 0.5298582995951417 0.29713114754098363 0.520748987854251 0.3043032786885246 0.5167004048582996 0.3135245901639344
0 0.5501012145748988 0.3043032786885246 0.548582995951417 0.3094262295081967 0.5541497975708503 0.39241803278688525 0.5662955465587044 0.4692622950819672 0.5789473684210527 0.48975409836065575 0.5921052631578947 0.4887295081967213 0.6012145748987854 0.47438524590163933 0.6017206477732794 0.44672131147540983 0.5936234817813765 0.39139344262295084 0.5910931174089069 0.3411885245901639 0.5865384615384616 0.32991803278688525 0.5870445344129555 0.3176229508196721 0.5799595141700404 0.3012295081967213 0.5703441295546559 0.28790983606557374 0.5652834008097166 0.2858606557377049
0 0.5941295546558705 0.35450819672131145 0.5951417004048583 0.42315573770491804 0.6022267206477733 0.4723360655737705 0.6072874493927125 0.4764344262295082 0.6194331983805668 0.4692622950819672 0.6305668016194332 0.48258196721311475 0.6396761133603239 0.47438524590163933 0.6437246963562753 0.46311475409836067 0.6437246963562753 0.45081967213114754 0.6341093117408907 0.38114754098360654 0.6346153846153846 0.34938524590163933 0.6239878542510121 0.29815573770491804 0.6209514170040485 0.29508196721311475 0.6088056680161943 0.29815573770491804 0.5991902834008097 0.3432377049180328
0 0.6366396761133604 0.375 0.6351214574898786 0.4375 0.6381578947368421 0.45491803278688525 0.6578947368421053 0.4713114754098361 0.6654858299595142 0.4661885245901639 0.6715587044534413 0.45184426229508196 0.6715587044534413 0.42418032786885246 0.6629554655870445 0.34989754098360654 0.6614372469635628 0.30635245901639346 0.6548582995951417 0.2899590163934426 0.6487854251012146 0.2899590163934426 0.6422064777327935 0.3094262295081967
0 0.6730769230769231 0.39959016393442626 0.6730769230769231 0.4456967213114754 0.6776315789473685 0.45389344262295084 0.6887651821862348 0.45901639344262296 0.701417004048583 0.45184426229508196 0.7130566801619433 0.45389344262295084 0.7191295546558705 0.45081967213114754 0.7226720647773279 0.4426229508196721 0.7262145748987854 0.42827868852459017 0.7267206477732794 0.39959016393442626 0.7196356275303644 0.38114754098360654 0.7140688259109311 0.35075102459016394 0.7140688259109311 0.3176229508196721 0.7095141700404858 0.29713114754098363 0.6907894736842105 0.29508196721311475 0.6847165991902834 0.30635245901639346 0.6796558704453441 0.3360655737704918 0.6791497975708503 0.36577868852459017
0 0.728744939271255 0.4036885245901639 0.7277327935222672 0.4354508196721312 0.7393724696356275 0.4487704918032787 0.7520242914979757 0.45286885245901637 0.7667004048582996 0.44364754098360654 0.771255060728745 0.43135245901639346 0.7742914979757085 0.4036885245901639 0.7692307692307693 0.36577868852459017 0.770242914979757 0.3125 0.7692307692307693 0.30225409836065575 0.7646761133603239 0.2930327868852459 0.7510121457489879 0.28790983606557374 0.7454453441295547 0.29405737704918034 0.7348178137651822 0.3483606557377049 0.7338056680161943 0.38114754098360654
0 0.7307692307692307 0.4661885245901639 0.7312753036437247 0.48565573770491804 0.7353238866396761 0.5030737704918032 0.7621457489878543 0.5840163934426229 0.7677125506072875 0.5881147540983607 0.7813765182186235 0.576844262295082 0.7854251012145749 0.5594262295081968 0.7823886639676113 0.4805327868852459 0.7788461538461539 0.4774590163934426 0.7646761133603239 0.48258196721311475 0.7444331983805668 0.45901639344262296 0.7358299595141701 0.45901639344262296
0 0.6852226720647774 0.4887295081967213 0.6847165991902834 0.5112704918032787 0.6998987854251012 0.555327868852459 0.7090080971659919 0.6188524590163934 0.715080971659919 0.6311475409836066 0.7196356275303644 0.6311475409836066 0.7252024291497976 0.6188524590163934 0.72165991902834 0.6127049180327869 0.7236842105263158 0.6034836065573771 0.72165991902834 0.5993852459016393 0.722165991902834 0.5881147540983607 0.7282388663967612 0.5778688524590164 0.7312753036437247 0.5840163934426229 0.7368421052631579 0.5860655737704918 0.7419028340080972 0.5737704918032787 0.7383603238866396 0.5163934426229508 0.7343117408906883 0.4989754098360656 0.7252024291497976 0.4692622950819672 0.7165991902834008 0.46209016393442626 0.6907894736842105 0.4774590163934426
0 0.6543522267206477 0.5256147540983607 0.6538461538461539 0.5399590163934426 0.6563765182186235 0.5543032786885246 0.6675101214574899 0.5809426229508197 0.6730769230769231 0.6116803278688525 0.6811740890688259 0.6362704918032787 0.6933198380566802 0.6444672131147541 0.7024291497975709 0.6342213114754098 0.7044534412955465 0.6301229508196722 0.6968623481781376 0.6055327868852459 0.6887651821862348 0.5522540983606558 0.6867408906882592 0.5204918032786885 0.6816801619433198 0.5112704918032787 0.6690283400809717 0.5092213114754098
0 0.6265182186234818 0.5584016393442623 0.6280364372469636 0.5799180327868853 0.638663967611336 0.625 0.6492914979757085 0.6885245901639344 0.6578947368421053 0.7079918032786885 0.6624493927125507 0.6977459016393442 0.6624493927125507 0.6649590163934426 0.6553643724696356 0.5532786885245902 0.6492914979757085 0.5368852459016393 0.6341093117408907 0.5297131147540983 0.631578947368421 0.5327868852459017
0 0.6027327935222672 0.5870901639344263 0.6022267206477733 0.610655737704918 0.6057692307692307 0.6536885245901639 0.6098178137651822 0.6649590163934426 0.6189271255060729 0.7264344262295082 0.6265182186234818 0.735655737704918 0.631578947368421 0.7274590163934426 0.6351214574898786 0.7131147540983607 0.6396761133603239 0.6772540983606558 0.6275303643724697 0.5635245901639344 0.6199392712550608 0.5461065573770492 0.611336032388664 0.5409836065573771
0 0.5769230769230769 0.5450819672131147 0.5774291497975709 0.5891393442622951 0.5809716599190283 0.6065573770491803 0.5814777327935222 0.6239754098360656 0.5804655870445344 0.694672131147541 0.583502024291498 0.7049180327868853 0.590080971659919 0.7049180327868853 0.5931174089068826 0.694672131147541 0.5961538461538461 0.6926229508196722 0.5991902834008097 0.6741803278688525 0.5986842105263158 0.632172131147541 0.6032388663967612 0.5522540983606558 0.6002024291497976 0.5440573770491803 0.5910931174089069 0.5379098360655737 0.5789473684210527 0.5409836065573771
0 0.5516194331983806 0.5389344262295082 0.5516194331983806 0.5840163934426229 0.5566801619433198 0.6659836065573771 0.562753036437247 0.6967213114754098 0.5668016194331984 0.7049180327868853 0.576417004048583 0.7049180327868853 0.5809716599190283 0.6854508196721312 0.5774291497975709 0.5440573770491803 0.5733805668016194 0.5399590163934426
0 0.5273279352226721 0.5635245901639344 0.5273279352226721 0.5922131147540983 0.5364372469635628 0.7049180327868853 0.5445344129554656 0.7038934426229508 0.5490890688259109 0.6967213114754098 0.5516194331983806 0.6536885245901639 0.548582995951417 0.5379098360655737 0.5445344129554656 0.5348360655737705 0.5374493927125507 0.5409836065573771 0.5224326923076923 0.5363698770491803
0 0.4974696356275304 0.5563524590163934 0.49898785425101216 0.5911885245901639 0.5106275303643725 0.6823770491803278 0.5141700404858299 0.6864754098360656 0.5197368421052632 0.7161885245901639 0.5308704453441295 0.7213114754098361 0.5334008097165992 0.7090163934426229 0.5328947368421053 0.6772540983606558 0.5253036437246964 0.6109969262295082 0.5253036437246964 0.5758196721311475 0.5217611336032388 0.5450819672131147 0.5161943319838057 0.5409836065573771 0.5020242914979757 0.5450819672131147
0 0.46963562753036436 0.5829918032786885 0.46710526315789475 0.6342213114754098 0.4691295546558704 0.7069672131147541 0.47115384615384615 0.7161885245901639 0.48279352226720645 0.735655737704918 0.49038461538461536 0.7295081967213115 0.49696356275303644 0.7131147540983607 0.5020242914979757 0.6854508196721312 0.49949392712550605 0.5911885245901639 0.4949392712550607 0.5635245901639344 0.4832995951417004 0.5440573770491803 0.4782388663967611 0.5471311475409836 0.47368421052631576 0.5573770491803278
0 0.4367408906882591 0.5686475409836066 0.43724696356275305 0.6670081967213115 0.44281376518218624 0.6977459016393442 0.4509109311740891 0.7192622950819673 0.4549595141700405 0.7090163934426229 0.4691295546558704 0.5655737704918032 0.46153846153846156 0.548155737704918 0.45040485829959515 0.5409836065573771 0.4407894736842105 0.548155737704918
0 0.402834008097166 0.5430327868852459 0.4063765182186235 0.6506147540983607 0.4159919028340081 0.6577868852459017 0.4240890688259109 0.6444672131147541 0.4382591093117409 0.5522540983606558 0.43775303643724695 0.5409836065573771 0.4352226720647773 0.5256147540983607 0.430668016194332 0.5225409836065574 0.40789473684210525 0.5307377049180327
0 0.37398785425101216 0.6127049180327869 0.3729757085020243 0.6362704918032787 0.3770242914979757 0.639344262295082 0.3901821862348178 0.6034836065573771 0.39878542510121456 0.5594262295081968 0.3805668016194332 0.5655737704918032
0 0.31275303643724695 0.5133196721311475 0.3132591093117409 0.6116803278688525 0.3228744939271255 0.6362704918032787 0.3274291497975709 0.6383196721311475 0.333502024291498 0.6301229508196722 0.3390688259109312 0.6137295081967213 0.354251012145749 0.5491803278688525 0.3582995951417004 0.5286885245901639 0.35728744939271256 0.5010245901639344 0.3532388663967611 0.49385245901639346 0.3390688259109312 0.5010245901639344 0.3248987854251012 0.4887295081967213 0.31983805668016196 0.492827868852459