0 0.707995951417004 0.5204918032786885 0.7069838056680162 0.5358606557377049 0.7130566801619433 0.548155737704918 0.7408906882591093 0.5676229508196722 0.7697368421052632 0.5983606557377049 0.7773279352226721 0.5993852459016393 0.784919028340081 0.5942622950819673 0.798582995951417 0.5676229508196722 0.7980769230769231 0.5543032786885246 0.7909919028340081 0.5358606557377049 0.7343117408906883 0.4600409836065574 0.7282388663967612 0.4610655737704918 0.7145748987854251 0.48565573770491804
0 0.6189271255060729 0.5081967213114754 0.618421052631579 0.5286885245901639 0.6280364372469636 0.569672131147541 0.6336032388663968 0.6311475409836066 0.6422064777327935 0.6526639344262295 0.646255060728745 0.6506147540983607 0.6508097165991903 0.6229508196721312 0.6513157894736842 0.5952868852459017 0.645242914979757 0.5706967213114754 0.6477732793522267 0.5573770491803278 0.6482793522267206 0.5174180327868853 0.6391700404858299 0.5040983606557377 0.6224696356275303 0.5010245901639344
0 0.6012145748987854 0.5512295081967213 0.6012145748987854 0.5614754098360656 0.6234817813765182 0.6577868852459017 0.6346153846153846 0.6608606557377049 0.632085020242915 0.5983606557377049 0.625 0.5430327868852459 0.6194331983805668 0.5286885245901639 0.6123481781376519 0.5266393442622951 0.604251012145749 0.5358606557377049
0 0.5754048582995951 0.5338114754098361 0.5748987854251012 0.5522540983606558 0.5880566801619433 0.6690573770491803 0.5931174089068826 0.6967213114754098 0.5986842105263158 0.7120901639344263 0.6032388663967612 0.7172131147540983 0.6057692307692307 0.6813524590163934 0.6012145748987854 0.6127049180327869 0.6002024291497976 0.5440573770491803 0.59665991902834 0.5327868852459017 0.5895748987854251 0.5245901639344263 0.583502024291498 0.5245901639344263
0 0.5501012145748988 0.5276639344262295 0.5495951417004049 0.5409836065573771 0.5602226720647774 0.6342213114754098 0.5678137651821862 0.6557377049180327 0.5718623481781376 0.6547131147540983 0.5748987854251012 0.6424180327868853 0.5723684210526315 0.5317622950819673 0.569838056680162 0.5235655737704918 0.5642712550607287 0.5194672131147541
0 0.5323886639676113 0.5204918032786885 0.52834008097166 0.5327868852459017 0.5323886639676113 0.5788934426229508 0.5480769230769231 0.6495901639344263 0.5541497975708503 0.6598360655737705 0.5571862348178138 0.6557377049180327 0.5592105263157895 0.639344262295082 0.5561740890688259 0.5758196721311475 0.5460526315789473 0.5327868852459017 0.5389676113360324 0.5266393442622951 0.5369433198380567 0.5194672131147541
0 0.5091093117408907 0.5102459016393442 0.5080971659919028 0.5348360655737705 0.5131578947368421 0.5881147540983607 0.521255060728745 0.6413934426229508 0.5253036437246964 0.6475409836065574 0.5288461538461539 0.6465163934426229 0.5318825910931174 0.639344262295082 0.5334008097165992 0.5819672131147541 0.527834008097166 0.5327868852459017 0.5253036437246964 0.5297131147540983 0.5227732793522267 0.5081967213114754
0 0.48785425101214575 0.5368852459016393 0.4908906882591093 0.5840163934426229 0.49949392712550605 0.6424180327868853 0.5055668016194332 0.6741803278688525 0.5096153846153846 0.673155737704918 0.5151821862348178 0.6629098360655737 0.5172064777327935 0.6383196721311475 0.5121457489878543 0.6024590163934426 0.5156882591093117 0.5911885245901639 0.5086032388663968 0.5358606557377049 0.5055668016194332 0.5307377049180327
0 0.46356275303643724 0.5461065573770492 0.4610323886639676 0.5676229508196722 0.46153846153846156 0.5993852459016393 0.4676113360323887 0.673155737704918 0.47115384615384615 0.6926229508196722 0.4848178137651822 0.6772540983606558 0.4893724696356275 0.5952868852459017 0.4853238866396761 0.5706967213114754 0.4853238866396761 0.548155737704918 0.48228744939271256 0.5420081967213115 0.4741902834008097 0.5317622950819673
0 0.43724696356275305 0.5471311475409836 0.43775303643724695 0.6670081967213115 0.43876518218623484 0.680327868852459 0.4433198380566802 0.6895491803278688 0.45293522267206476 0.6772540983606558 0.45799595141700405 0.6536885245901639 0.458502024291498 0.5932377049180327 0.46305668016194335 0.5450819672131147 0.4509109311740891 0.5297131147540983 0.44635627530364375 0.5286885245901639 0.4392712550607287 0.5348360655737705
0 0.40941295546558704 0.5358606557377049 0.4139676113360324 0.6062161885245902 0.4149797570850202 0.6680327868852459 0.4159919028340081 0.6772540983606558 0.423582995951417 0.6782786885245902 0.42965587044534415 0.6557377049180327 0.4402834008097166 0.5358606557377049 0.4347165991902834 0.5215163934426229 0.42864372469635625 0.5163934426229508 0.41194331983805665 0.5286885245901639
0 0.2980769230769231 0.4456967213114754 0.2980769230769231 0.48975409836065575 0.3016194331983806 0.4959016393442623 0.305668016194332 0.4959016393442623 0.3097165991902834 0.49077868852459017 0.3102226720647773 0.48360655737704916 0.305668016194332 0.4641393442622951 0.30718623481781376 0.45799180327868855 0.31376518218623484 0.45081967213114754 0.31983805668016196 0.4364754098360656 0.32540485829959515 0.4344262295081967 0.33805668016194335 0.4405737704918033 0.34058704453441296 0.4323770491803279 0.33856275303643724 0.3975409836065574 0.33046558704453444 0.3729508196721312 0.32388663967611336 0.36475409836065575 0.3142712550607287 0.36065573770491804 0.3006072874493927 0.38524590163934425
0 0.4073886639676113 0.39549180327868855 0.40789473684210525 0.44672131147540983 0.41143724696356276 0.45081967213114754 0.4215587044534413 0.44979508196721313 0.4256072874493927 0.4426229508196721 0.42611336032388664 0.4057377049180328 0.4240890688259109 0.3862704918032787 0.42054655870445345 0.3780737704918033 0.4149797570850202 0.3770491803278688
0 0.4347165991902834 0.32991803278688525 0.4392712550607287 0.4969262295081967 0.444331983805668 0.5112704918032787 0.4524291497975709 0.5153688524590164 0.4610323886639676 0.5081967213114754 0.4660931174089069 0.4979508196721312 0.4676113360323887 0.47848360655737704 0.4625506072874494 0.45184426229508196 0.45394736842105265 0.36577868852459017 0.4493927125506073 0.3411885245901639 0.4433198380566802 0.32684426229508196 0.43775303643724695 0.32581967213114754
0 0.4686234817813765 0.3411885245901639 0.4665991902834008 0.36577868852459017 0.4691295546558704 0.492827868852459 0.4741902834008097 0.5010245901639344 0.48633603238866396 0.5020491803278688 0.4934210526315789 0.4959016393442623 0.4832995951417004 0.38422131147540983 0.4772267206477733 0.3422131147540984
0 0.48228744939271256 0.32991803278688525 0.48431174089068824 0.36885245901639346 0.49190283400809715 0.430327868852459 0.49190283400809715 0.4702868852459016 0.4944331983805668 0.4948770491803279 0.5055668016194332 0.5051229508196722 0.5172064777327935 0.5030737704918032 0.521255060728745 0.4969262295081967 0.5187246963562753 0.4354508196721312 0.5025303643724697 0.33401639344262296 0.4908906882591093 0.32581967213114754
0 0.5364372469635628 0.4047131147540984 0.5359311740890689 0.5040983606557377 0.5445344129554656 0.5133196721311475 0.5526315789473685 0.5112704918032787 0.5602226720647774 0.5051229508196722 0.562753036437247 0.48975409836065575 0.5566801619433198 0.33709016393442626 0.5445344129554656 0.33401639344262296 0.5404858299595142 0.3432377049180328
0 0.5597165991902834 0.3760245901639344 0.5592105263157895 0.42725409836065575 0.562753036437247 0.4959016393442623 0.5678137651821862 0.5010245901639344 0.576417004048583 0.5 0.582995951417004 0.49385245901639346 0.5840080971659919 0.48565573770491804 0.5819838056680162 0.39959016393442626 0.5759109311740891 0.33811475409836067 0.5683198380566802 0.33709016393442626 0.5678137651821862 0.3473360655737705
0 0.5875506072874493 0.36475409836065575 0.5880566801619433 0.4016393442622951 0.582995951417004 0.47950819672131145 0.5915991902834008 0.4989754098360656 0.604757085020243 0.4979508196721312 0.6088056680161943 0.4948770491803279 0.6133603238866396 0.48258196721311475 0.6123481781376519 0.3422131147540984 0.6072874493927125 0.3360655737704918 0.5915991902834008 0.33709016393442626
0 0.6447368421052632 0.375 0.6447368421052632 0.3982243852459016 0.6356275303643725 0.4774590163934426 0.646255060728745 0.4959016393442623 0.6553643724696356 0.4959016393442623 0.6629554655870445 0.48975409836065575 0.6675101214574899 0.4733606557377049 0.6659919028340081 0.4108606557377049 0.6710526315789473 0.38422131147540983 0.6710526315789473 0.36475409836065575 0.6675101214574899 0.35655737704918034 0.6482793522267206 0.3524590163934426