0 0.2758097165991903 0.3801229508196721 0.2773279352226721 0.507172131147541 0.27884615384615385 0.5122950819672131 0.2909919028340081 0.5215163934426229 0.3066801619433198 0.5204918032786885 0.3132591093117409 0.49077868852459017 0.31123481781376516 0.4395491803278688 0.3081983805668016 0.42315573770491804 0.3021255060728745 0.39959016393442626 0.291497975708502 0.3801229508196721 0.2798582995951417 0.375
0 0.3102226720647773 0.39241803278688525 0.3102226720647773 0.5256147540983607 0.3147773279352227 0.5358606557377049 0.3375506072874494 0.548155737704918 0.3476720647773279 0.5338114754098361 0.34868421052631576 0.5081967213114754 0.33653846153846156 0.4026639344262295 0.3259109311740891 0.38114754098360654
0 0.3415991902834008 0.3985655737704918 0.3517206477732793 0.5502049180327869 0.35728744939271256 0.5573770491803278 0.3866396761133603 0.5543032786885246 0.39220647773279355 0.5327868852459017 0.3770242914979757 0.38114754098360654 0.3648785425101215 0.3770491803278688
0 0.39068825910931176 0.3862704918032787 0.3901821862348178 0.5112704918032787 0.39220647773279355 0.5409836065573771 0.40789473684210525 0.5461065573770492 0.4139676113360324 0.5358606557377049 0.41548582995951416 0.5235655737704918 0.4048582995951417 0.36065573770491804 0.39625506072874495 0.3524590163934426
0 0.4392712550607287 0.3729508196721312 0.4397773279352227 0.44774590163934425 0.4433198380566802 0.5010245901639344 0.4473684210526316 0.5327868852459017 0.45951417004048584 0.5543032786885246 0.46305668016194335 0.5512295081967213 0.47115384615384615 0.5286885245901639 0.472165991902834 0.507172131147541 0.4691295546558704 0.444672131147541 0.458502024291498 0.34938524590163933 0.4423076923076923 0.35860655737704916
0 0.4726720647773279 0.3862704918032787 0.4706477732793522 0.39651639344262296 0.4706477732793522 0.4344262295081967 0.47368421052631576 0.5112704918032787 0.48228744939271256 0.5327868852459017 0.4893724696356275 0.5389344262295082 0.4959514170040486 0.5368852459016393 0.5025303643724697 0.5286885245901639 0.5025303643724697 0.5081967213114754 0.49291497975708504 0.4036885245901639 0.48785425101214575 0.3790983606557377 0.4772267206477733 0.3790983606557377
0 0.49898785425101216 0.3780737704918033 0.4979757085020243 0.4395491803278688 0.5025303643724697 0.5245901639344263 0.5096153846153846 0.5430327868852459 0.5177125506072875 0.5502049180327869 0.5313765182186235 0.5389344262295082 0.5339068825910931 0.5286885245901639 0.5334008097165992 0.4036885245901639 0.527834008097166 0.36475409836065575 0.513663967611336 0.3422131147540984 0.5050607287449392 0.33709016393442626
0 0.5354251012145749 0.4702868852459016 0.534919028340081 0.5235655737704918 0.5379554655870445 0.5389344262295082 0.5480769230769231 0.5491803278688525 0.5546558704453441 0.5491803278688525 0.5703441295546559 0.5286885245901639 0.5759109311740891 0.4395491803278688 0.5743927125506073 0.4026639344262295 0.5657894736842105 0.35758196721311475 0.5526315789473685 0.3514344262295082 0.5445344129554656 0.35758196721311475 0.5399797570850202 0.3719262295081967
0 0.5754048582995951 0.42315573770491804 0.569331983805668 0.5256147540983607 0.5718623481781376 0.5379098360655737 0.5799595141700404 0.548155737704918 0.59665991902834 0.5297131147540983 0.603744939271255 0.38831967213114754 0.603744939271255 0.3719262295081967 0.5991902834008097 0.3524590163934426 0.5845141700404858 0.375
0 0.6062753036437247 0.38729508196721313 0.5956477732793523 0.5235655737704918 0.6027327935222672 0.5573770491803278 0.6123481781376519 0.5625 0.625 0.5471311475409836 0.6295546558704453 0.5348360655737705 0.6346153846153846 0.35655737704918034 0.6229757085020243 0.3473360655737705 0.6204453441295547 0.34938524590163933
0 0.6290485829959515 0.4764344262295082 0.6285425101214575 0.5215163934426229 0.631578947368421 0.5348360655737705 0.6477732793522267 0.5563524590163934 0.6589068825910931 0.5450819672131147 0.6563765182186235 0.3862704918032787 0.65334008097166 0.36168032786885246 0.646255060728745 0.35348360655737704 0.6325910931174089 0.35758196721311475
0 0.6619433198380567 0.36885245901639346 0.6573886639676113 0.5307377049180327 0.6629554655870445 0.5440573770491803 0.6786437246963563 0.5512295081967213 0.687246963562753 0.5358606557377049 0.6837044534412956 0.4036885245901639 0.673582995951417 0.3801229508196721
0 0.687753036437247 0.48770491803278687 0.687246963562753 0.5215163934426229 0.6887651821862348 0.5327868852459017 0.6928137651821862 0.5389344262295082 0.7246963562753036 0.5379098360655737 0.7322874493927125 0.5215163934426229 0.7231781376518218 0.4036885245901639 0.7186234817813765 0.36475409836065575 0.7135627530364372 0.3555327868852459 0.7049595141700404 0.35348360655737704 0.6968623481781376 0.3729508196721312
0 0.7444331983805668 0.3862704918032787 0.7332995951417004 0.48770491803278687 0.7332995951417004 0.5040983606557377 0.7358299595141701 0.5174180327868853 0.7484817813765182 0.5276639344262295 0.7687246963562753 0.5153688524590164 0.7758097165991903 0.5030737704918032 0.7763157894736842 0.38729508196721313 0.7692307692307693 0.35758196721311475 0.7611336032388664 0.3463114754098361 0.7525303643724697 0.35655737704918034
0 0.7839068825910931 0.3985655737704918 0.7758097165991903 0.4641393442622951 0.7763157894736842 0.48668032786885246 0.7788461538461539 0.4979508196721312 0.792004048582996 0.5061475409836066 0.8001012145748988 0.4989754098360656 0.8036437246963563 0.48565573770491804 0.8046558704453441 0.36577868852459017 0.798582995951417 0.36475409836065575 0.7859311740890689 0.38831967213114754
0 0.39625506072874495 0.5799180327868853 0.39979757085020245 0.7223360655737705 0.4033400809716599 0.7663934426229508 0.4073886639676113 0.7674180327868853 0.41548582995951416 0.7520491803278688 0.42054655870445345 0.7120901639344263 0.4256072874493927 0.5747950819672131 0.40789473684210525 0.5635245901639344 0.3992914979757085 0.5706967213114754
0 0.4266194331983806 0.5747950819672131 0.42459514170040485 0.6116803278688525 0.4271255060728745 0.7243852459016393 0.42864372469635625 0.7520491803278688 0.4316801619433198 0.7612704918032787 0.4357287449392713 0.7612704918032787 0.44281376518218624 0.7336065573770492 0.451417004048583 0.5799180327868853 0.4397773279352227 0.5614754098360656 0.4347165991902834 0.5625
0 0.45394736842105265 0.5901639344262295 0.44534412955465585 0.7315573770491803 0.44635627530364375 0.7561475409836066 0.4498987854251012 0.7612704918032787 0.4569838056680162 0.75 0.4686234817813765 0.6926229508196722 0.47621457489878544 0.5840163934426229 0.4741902834008097 0.5747950819672131 0.46558704453441296 0.5655737704918032 0.45445344129554655 0.5819672131147541
0 0.4741902834008097 0.6875 0.4757085020242915 0.7418032786885246 0.4868421052631579 0.7315573770491803 0.5005060728744939 0.6127049180327869 0.5005060728744939 0.5829918032786885 0.4984817813765182 0.5799180327868853 0.4868421052631579 0.5778688524590164 0.4777327935222672 0.5901639344262295
0 0.5015182186234818 0.6034836065573771 0.5015182186234818 0.7202868852459017 0.5096153846153846 0.7254098360655737 0.5141700404858299 0.7131147540983607 0.5187246963562753 0.673155737704918 0.5217611336032388 0.5952868852459017 0.5156882591093117 0.5778688524590164 0.5055668016194332 0.5778688524590164 0.5030364372469636 0.5829918032786885
0 0.5298582995951417 0.5819672131147541 0.5293522267206477 0.6116803278688525 0.5369433198380567 0.7233606557377049 0.541497975708502 0.7274590163934426 0.5455465587044535 0.7202868852459017 0.5511133603238867 0.6372950819672131 0.5521255060728745 0.5829918032786885 0.548582995951417 0.576844262295082 0.5328947368421053 0.5778688524590164
0 0.5526315789473685 0.5942622950819673 0.5566801619433198 0.7008196721311475 0.5718623481781376 0.7592213114754098 0.5754048582995951 0.7407786885245902 0.5754048582995951 0.5911885245901639 0.5668016194331984 0.576844262295082 0.562246963562753 0.5758196721311475 0.555668016194332 0.5788934426229508
0 0.5784412955465587 0.5963114754098361 0.583502024291498 0.7243852459016393 0.590080971659919 0.7592213114754098 0.5961538461538461 0.7622950819672131 0.603744939271255 0.7469262295081968 0.604757085020243 0.7202868852459017 0.604757085020243 0.6290983606557377 0.6022267206477733 0.5922131147540983 0.6002024291497976 0.5860655737704918 0.5875506072874493 0.5758196721311475 0.5799595141700404 0.5870901639344263
0 0.6062753036437247 0.5932377049180327 0.603744939271255 0.5993852459016393 0.604251012145749 0.6065573770491803 0.6229757085020243 0.7284836065573771 0.6310728744939271 0.7592213114754098 0.6422064777327935 0.7715163934426229 0.6427125506072875 0.7100409836065574 0.6361336032388664 0.5870901639344263 0.6341093117408907 0.5799180327868853 0.6224696356275303 0.5737704918032787 0.6163967611336032 0.5758196721311475
0 0.6305668016194332 0.5778688524590164 0.6285425101214575 0.5840163934426229 0.6295546558704453 0.5952868852459017 0.6508097165991903 0.6885245901639344 0.65334008097166 0.7274590163934426 0.6619433198380567 0.7612704918032787 0.6654858299595142 0.7622950819672131 0.6740890688259109 0.7448770491803278 0.6720647773279352 0.6526639344262295 0.666497975708502 0.5983606557377049 0.6609311740890689 0.5727459016393442 0.6573886639676113 0.5686475409836066 0.6477732793522267 0.5676229508196722
0 0.6938502024291499 0.750703893442623 0.6798947368421052 0.6796659836065574 0.6764595141700405 0.6303883196721312 0.6704478744939272 0.5944446721311475 0.6581381578947368 0.5712561475409836 0.6641497975708501 0.5509651639344262 0.6744554655870445 0.552125 0.6816123481781377 0.5619795081967213 0.69678491902834 0.5498053278688525 0.7013648785425101 0.5486465163934426 0.7073765182186235 0.5515450819672131 0.7153922064777328 0.5538637295081967 0.7173962550607288 0.5573422131147541 0.7176826923076923 0.5828504098360655 0.7202591093117409 0.6071987704918033 0.7202591093117409 0.6222725409836065 0.7228355263157895 0.6414036885245902 0.7239802631578948 0.6570563524590164 0.7256978744939272 0.6692305327868853 0.7271295546558705 0.6843043032786885 0.729705971659919 0.6970584016393442 0.7328547570850202 0.7150297131147542 0.7334276315789473 0.7272038934426229 0.7331411943319838 0.7422766393442622 0.7302783400809717 0.7445963114754098 0.725411943319838 0.738219262295082 0.7202591093117409 0.7277838114754098 0.7173962550607288 0.7179282786885246 0.7142474696356276 0.7063340163934426 0.7122434210526316 0.6947387295081968 0.7105258097165992 0.6819846311475409 0.709952935222672 0.6709702868852458 0.7070905870445344 0.6628534836065574 0.7027965587044535 0.6541577868852458 0.6970708502024292 0.6529979508196722 0.6933491902834008 0.6582161885245902 0.6924903846153847 0.6628534836065574 0.6924903846153847 0.6796659836065574 0.6956396761133603 0.6970584016393442 0.6985025303643725 0.7074928278688525 0.7025101214574899 0.7190881147540984 0.7059453441295547 0.7306823770491803 0.7076629554655871 0.7405379098360656 0.7070905870445344 0.7498135245901639 0.703368927125506 0.7556106557377049 0.6982160931174088 0.7538719262295082 0.6944944331983806 0.7521321721311476
0 0.7686386639676113 0.7330010245901639 0.7517489878542509 0.6877817622950819 0.738294028340081 0.6466209016393443 0.7311371457489879 0.6234313524590165 0.7228355263157895 0.5950245901639345 0.7171098178137651 0.574734631147541 0.7168238866396761 0.5538637295081967 0.725411943319838 0.5399497950819672 0.7331411943319838 0.5416895491803279 0.7437332995951417 0.552125 0.7448780364372469 0.5411096311475411 0.7488861336032389 0.5341526639344262 0.7586194331983805 0.5312540983606557 0.7637722672064777 0.5370512295081967 0.7683527327935223 0.5492254098360656 0.7717879554655871 0.568936475409836 0.7729326923076923 0.5816905737704918 0.7749367408906883 0.6043002049180328 0.7766543522267207 0.6356065573770492 0.7786584008097166 0.6518391393442623 0.78467004048583 0.6819846311475409 0.7892505060728745 0.7028555327868852 0.7921128542510121 0.7138698770491803 0.7935445344129555 0.7237254098360656 0.7932580971659919 0.7277838114754098 0.7881052631578948 0.7219866803278688 0.7815212550607288 0.7074928278688525 0.7789448380566801 0.6993770491803278 0.7715015182186236 0.6854631147540983 0.7694974696356276 0.6808258196721312 0.7666351214574899 0.6738688524590164 0.7640587044534413 0.6651721311475409 0.7609094129554655 0.6524180327868853 0.7600506072874493 0.6489395491803279 0.7577606275303644 0.6419836065573771 0.7566153846153846 0.6414036885245902 0.7543254048582996 0.6454620901639344 0.7574741902834008 0.6669118852459016 0.7611958502024292 0.6779262295081967 0.76548987854251 0.6889415983606558 0.7689251012145749 0.6982172131147542 0.7712150809716599 0.7045942622950819 0.7735055668016194 0.715609631147541 0.7746503036437248 0.7237254098360656 0.7749367408906883 0.7277838114754098 0.7749367408906883 0.7347407786885246 0.7709291497975709 0.738219262295082
0 0.8044225708502024 0.647827868852459 0.7881052631578948 0.6095184426229509 0.7735055668016194 0.5724149590163935 0.7686386639676113 0.5561823770491803 0.7686386639676113 0.5300942622950819 0.7760819838056681 0.5138616803278688 0.7861012145748988 0.5115430327868853 0.7915404858299595 0.5127028688524591 0.8029913967611336 0.5040071721311475 0.8090030364372469 0.5074846311475409 0.8178775303643725 0.5248770491803278 0.8221715587044535 0.5434282786885245 0.8233168016194332 0.5619795081967213 0.8256067813765181 0.5758934426229508 0.8287555668016194 0.5932858606557377 0.8313324898785425 0.6112571721311475 0.8319048582995952 0.6257510245901639 0.8330501012145749 0.6332868852459016 0.8324772267206477 0.6361854508196721 0.8299008097165992 0.6396639344262295 0.8230303643724697 0.6303883196721312 0.8190227732793521 0.6211127049180328 0.8141558704453441 0.6077786885245902 0.8127246963562753 0.6037213114754099 0.8110070850202429 0.6025614754098361 0.8095754048582996 0.6071987704918033 0.8121518218623481 0.6211127049180328 0.8144423076923076 0.6280696721311475 0.8155875506072875 0.6425624999999999 0.8155875506072875 0.6466209016393443 0.8155875506072875 0.6558965163934426 0.8150146761133603 0.6587950819672131 0.8110070850202429 0.6570563524590164 0.806713056680162 0.6512592213114754
0 0.25635627530364374 0.6425471311475409 0.2675207489878542 0.608922131147541 0.2723871457489878 0.5921106557377049 0.2783987854251012 0.5723995901639345 0.2812616396761134 0.5550071721311476 0.28813208502024296 0.535296106557377 0.29242611336032387 0.5260204918032787 0.3010141700404858 0.5300788934426229 0.3064534412955466 0.5405143442622952 0.31046153846153846 0.5509487704918032 0.31618674089068827 0.5509487704918032 0.3253476720647773 0.5625440573770492 0.3270652834008097 0.5758780737704918 0.32592004048582995 0.5892120901639345 0.3227712550607288 0.6112418032786885 0.31418269230769236 0.625154713114754 0.30588107287449395 0.6361700819672131 0.2978653846153846 0.6466055327868853 0.2935713562753036 0.6564610655737705 0.28956376518218624 0.6663165983606558 0.28469686234817815 0.6738524590163933 0.2700971659919028 0.6808094262295082 0.2703836032388664 0.6709538934426229 0.2726735829959514 0.6651567622950819 0.2763952429149798 0.6558811475409836 0.28183400809716597 0.6413872950819672 0.2826928137651822 0.6338514344262295 0.2832656882591093 0.6268944672131148 0.2812616396761134 0.6239959016393443 0.27410475708502025 0.6292131147540984 0.26952479757085024 0.6373299180327868 0.2615091093117409 0.647764344262295 0.2557834008097166 0.654141393442623 0.25320698380566803 0.6553012295081967
0 0.29414372469635625 0.709796106557377 0.3010141700404858 0.6866065573770492 0.30502226720647774 0.6692151639344263 0.3087439271255061 0.6593596311475409 0.3164731781376518 0.631531762295082 0.3213395748987854 0.6141403688524589 0.3242024291497976 0.5909508196721311 0.32821002024291496 0.5718196721311476 0.33422165991902836 0.5573258196721312 0.3428102226720648 0.552108606557377 0.350253036437247 0.5596454918032787 0.3574099190283401 0.5700799180327869 0.36513917004048585 0.5781967213114755 0.3691472672064777 0.5834139344262296 0.3740136639676114 0.5950092213114755 0.37315485829959516 0.6060235655737706 0.368002024291498 0.6245758196721312 0.36027277327935225 0.6437069672131148 0.35340232793522264 0.6581997950819672 0.34653137651821864 0.6808094262295082 0.3422373481781376 0.692983606557377 0.33651214574898786 0.7115358606557376 0.32935526315789476 0.726608606557377 0.3242024291497976 0.7341454918032786 0.319621963562753 0.7364641393442622 0.3138967611336032 0.738202868852459 0.3110339068825911 0.738202868852459 0.3110339068825911 0.726608606557377 0.31275151821862346 0.7184918032786886 0.31561437246963564 0.7115358606557376 0.32105364372469636 0.7005204918032787 0.32334362348178136 0.6953032786885246 0.3264924089068826 0.6889262295081968 0.32849645748987855 0.6784907786885246 0.3296417004048583 0.6680553278688525 0.3264924089068826 0.6680553278688525 0.3213395748987854 0.6738524590163933 0.317331983805668 0.6825491803278688 0.31332388663967614 0.6964620901639343 0.31074746963562755 0.7057377049180328 0.30588107287449395 0.7138545081967212 0.3013006072874494 0.7184918032786886 0.2970065789473684 0.7231301229508197 0.29443016194331983 0.7237100409836066 0.29070850202429155 0.7184918032786886
0 0.4172236842105263 0.35918647540983606 0.41418724696356274 0.3684077868852459 0.4157054655870445 0.5333668032786886 0.4212722672064777 0.5456618852459016 0.42936943319838056 0.5528340163934427 0.4354423076923077 0.5446372950819672 0.4445516194331984 0.5138995901639344 0.42532085020242916 0.3622602459016393