0 0.3360323886639676 0.6342213114754098 0.3350202429149798 0.6424180327868853 0.33704453441295545 0.6536885245901639 0.3456477732793522 0.6526639344262295 0.35121457489878544 0.6649590163934426 0.35728744939271256 0.6659836065573771 0.36639676113360325 0.6567622950819673 0.3770242914979757 0.6372950819672131 0.3977732793522267 0.5840163934426229 0.40030364372469635 0.569672131147541 0.40030364372469635 0.548155737704918 0.3876518218623482 0.5327868852459017 0.3881578947368421 0.5286885245901639 0.3770242914979757 0.5215163934426229 0.3689271255060729 0.5245901639344263 0.3623481781376518 0.5399590163934426 0.35526315789473684 0.5758196721311475 0.34210526315789475 0.6034836065573771
0 0.36538461538461536 0.33299180327868855 0.36538461538461536 0.35758196721311475 0.3694331983805668 0.3719262295081967 0.37601214574898784 0.4180327868852459 0.3800607287449393 0.4774590163934426 0.3876518218623482 0.48770491803278687 0.4084008097165992 0.47848360655737704 0.4200404858299595 0.45901639344262296 0.42105263157894735 0.4344262295081967 0.4048582995951417 0.3760245901639344 0.3952429149797571 0.32172131147540983 0.3917004048582996 0.3176229508196721 0.3836948380566802 0.32013319672131146 0.3901654858299595 0.3872100409836065 0.3712717611336033 0.3353309426229508
0 0.43370445344129555 0.3524590163934426 0.4331983805668016 0.3719262295081967 0.4433198380566802 0.4692622950819672 0.44686234817813764 0.4805327868852459 0.451417004048583 0.48155737704918034 0.472165991902834 0.45491803278688525 0.47469635627530365 0.44774590163934425 0.47469635627530365 0.4344262295081967 0.4665991902834008 0.40061475409836067 0.458502024291498 0.3862704918032787 0.4549595141700405 0.3555327868852459 0.4397773279352227 0.3432377049180328
0 0.4526695344129555 0.30964959016393445 0.46910425101214576 0.48206147540983607 0.4773866396761134 0.49621004098360655 0.4773866396761134 0.49621004098360655 0.48566852226720647 0.47315266393442623 0.4913623481781377 0.45061885245901634 0.4851508097165992 0.43384938524590166 0.4683279352226721 0.31803790983606556 0.4533168016194332 0.2724467213114754
0 0.4798451417004048 0.2884272540983607 0.48903340080971663 0.4123637295081967 0.49369180161943316 0.4841567622950819 0.5094797570850202 0.47524897540983607 0.514914979757085 0.46267213114754097 0.5045622469635628 0.4364702868852459 0.49964473684210525 0.32694569672131146
0 0.4961508097165992 0.27978176229508195 0.5109033400809716 0.4055512295081967 0.5098679149797571 0.4375174180327869 0.5103856275303644 0.4495706967213115 0.5129736842105262 0.47472438524590166 0.530831983805668 0.48206147540983607 0.5360086032388665 0.47315266393442623 0.5290202429149797 0.40764754098360656 0.5202206477732793 0.3227540983606557
0 0.5407965587044534 0.2884272540983607 0.5363967611336032 0.43227766393442624 0.5353613360323887 0.4736762295081967 0.5353613360323887 0.4841567622950819 0.5498552631578947 0.4810133196721311 0.5583962550607288 0.4537633196721311 0.5550313765182187 0.408172131147541 0.5563254048582996 0.3290420081967213
0 0.5592105263157895 0.3760245901639344 0.5602226720647774 0.4088114754098361 0.555668016194332 0.46209016393442626 0.5632591093117408 0.47438524590163933 0.5748987854251012 0.4774590163934426 0.5789473684210527 0.4641393442622951 0.5774291497975709 0.4385245901639344 0.5799595141700404 0.42520491803278687 0.5754048582995951 0.32889344262295084 0.5713562753036437 0.32581967213114754 0.5642712550607287 0.32991803278688525
0 0.5794534412955465 0.39549180327868855 0.5779352226720648 0.4487704918032787 0.5799595141700404 0.4600409836065574 0.5885627530364372 0.4774590163934426 0.597165991902834 0.47848360655737704 0.6022267206477733 0.4713114754098361 0.604251012145749 0.4610655737704918 0.604757085020243 0.4088114754098361 0.6082995951417004 0.38831967213114754 0.603744939271255 0.3483606557377049 0.603744939271255 0.30225409836065575 0.5991902834008097 0.2817622950819672 0.5951417004048583 0.2848360655737705 0.5875506072874493 0.31864754098360654 0.582995951417004 0.3452868852459016
0 0.5910931174089069 0.42315573770491804 0.5890688259109311 0.45286885245901637 0.5915991902834008 0.4641393442622951 0.6108299595141701 0.4805327868852459 0.6189271255060729 0.4805327868852459 0.6209514170040485 0.4764344262295082 0.6229757085020243 0.4672131147540984 0.6234817813765182 0.4323770491803279 0.6361336032388664 0.3114754098360656 0.6346153846153846 0.29405737704918034 0.6239878542510121 0.30225409836065575 0.6199392712550608 0.32479508196721313 0.5991902834008097 0.382172131147541
0 0.7100202429149798 0.3360655737704918 0.708502024291498 0.38934426229508196 0.7049595141700404 0.41290983606557374 0.7069838056680162 0.42725409836065575 0.7140688259109311 0.4344262295081967 0.7398785425101214 0.4323770491803279 0.7444331983805668 0.42827868852459017 0.7484817813765182 0.41905737704918034 0.7444331983805668 0.35860655737704916 0.7489878542510121 0.3350409836065574 0.7530364372469636 0.32581967213114754 0.7530364372469636 0.2827868852459016 0.7479757085020243 0.27151639344262296 0.7398785425101214 0.26741803278688525 0.7307692307692307 0.27459016393442626 0.7201417004048583 0.29200819672131145
0 0.7064777327935222 0.5092213114754098 0.7064777327935222 0.5276639344262295 0.7110323886639676 0.5440573770491803 0.743421052631579 0.6024590163934426 0.7515182186234818 0.6045081967213115 0.7593669028340081 0.6028401639344262 0.7474610323886639 0.5619651639344262 0.7614372469635627 0.572970286885246 0.7656882591093117 0.5932377049180327 0.7864372469635628 0.5911885245901639 0.7844129554655871 0.5758196721311475 0.770748987854251 0.5338114754098361 0.7596153846153846 0.5133196721311475 0.7454453441295547 0.5020491803278688 0.7398785425101214 0.4774590163934426 0.7358299595141701 0.47540983606557374 0.7236842105263158 0.48155737704918034 0.7145748987854251 0.5010245901639344
0 0.6341093117408907 0.5112704918032787 0.6336032388663968 0.5286885245901639 0.6406882591093117 0.5993852459016393 0.6397935222672064 0.6169887295081967 0.6480759109311741 0.6861608606557377 0.6563577935222672 0.6982141393442622 0.6568825910931174 0.6065573770491803 0.6675101214574899 0.6290983606557377 0.673582995951417 0.6649590163934426 0.6816801619433198 0.6762295081967213 0.6857287449392713 0.6639344262295082 0.6826923076923077 0.610655737704918 0.6766194331983806 0.5771854508196721 0.6781376518218624 0.5358606557377049 0.6756072874493927 0.5204918032786885 0.6589068825910931 0.4959016393442623 0.6487854251012146 0.5030737704918032 0.6376518218623481 0.5040983606557377
0 0.6067813765182186 0.5409836065573771 0.6062753036437247 0.5502049180327869 0.6194331983805668 0.6577868852459017 0.6295546558704453 0.7202868852459017 0.6396761133603239 0.7213114754098361 0.6427125506072875 0.7161885245901639 0.6447368421052632 0.6752049180327869 0.6356275303643725 0.5368852459016393 0.6325910931174089 0.5286885245901639 0.6224696356275303 0.5276639344262295 0.6128542510121457 0.5307377049180327
0 0.5865384615384616 0.555327868852459 0.5865384615384616 0.5686475409836066 0.6032388663967612 0.6854508196721312 0.6108299595141701 0.7161885245901639 0.6189271255060729 0.7233606557377049 0.6194331983805668 0.6608606557377049 0.611336032388664 0.5522540983606558 0.6077935222672065 0.5409836065573771 0.6007085020242915 0.5379098360655737 0.5936234817813765 0.5409836065573771
0 0.5713562753036437 0.5440573770491803 0.5678137651821862 0.5737704918032787 0.5703441295546559 0.5850409836065574 0.5718623481781376 0.6465163934426229 0.5804655870445344 0.7202868852459017 0.5915991902834008 0.7489754098360656 0.5961538461538461 0.7172131147540983 0.5976720647773279 0.6834016393442623 0.5996963562753036 0.680327868852459 0.5976720647773279 0.6752049180327869 0.5895748987854251 0.5440573770491803 0.5819838056680162 0.5348360655737705 0.5759109311740891 0.5348360655737705
0 0.5511133603238867 0.5184426229508197 0.5516194331983806 0.6014344262295082 0.5475708502024291 0.6618852459016393 0.5602226720647774 0.673155737704918 0.562753036437247 0.6639344262295082 0.5713562753036437 0.5215163934426229 0.5688259109311741 0.514344262295082 0.5581983805668016 0.5040983606557377 0.5521255060728745 0.5051229508196722
0 0.5374493927125507 0.6485655737704918 0.5379554655870445 0.6711065573770492 0.5450404858299596 0.6741803278688525 0.548582995951417 0.6516393442622951 0.5531376518218624 0.5727459016393442 0.5526315789473685 0.5409836065573771 0.5490890688259109 0.5133196721311475 0.5409919028340081 0.5665983606557377
0 0.527834008097166 0.5327868852459017 0.5273279352226721 0.6383196721311475 0.5288461538461539 0.6547131147540983 0.5328947368421053 0.6567622950819673 0.5384615384615384 0.639344262295082 0.5480769230769231 0.5297131147540983 0.5480769230769231 0.48975409836065575 0.5445344129554656 0.48360655737704916 0.5384615384615384 0.4887295081967213 0.5303643724696356 0.5061475409836066
0 0.5141700404858299 0.5430327868852459 0.5116396761133604 0.6577868852459017 0.5192307692307693 0.6670081967213115 0.5217611336032388 0.6659836065573771 0.5253036437246964 0.6536885245901639 0.527834008097166 0.6362704918032787 0.5288461538461539 0.5440573770491803 0.5253036437246964 0.5307377049180327 0.5167004048582996 0.5358606557377049
0 0.4853238866396761 0.632172131147541 0.48380566801619435 0.6670081967213115 0.48633603238866396 0.6895491803278688 0.4888663967611336 0.6967213114754098 0.4939271255060729 0.6967213114754098 0.5 0.6885245901639344 0.5030364372469636 0.6741803278688525 0.5151821862348178 0.5614754098360656 0.5146761133603239 0.5450819672131147 0.506578947368421 0.5297131147540983 0.4979757085020243 0.5307377049180327 0.4934210526315789 0.5379098360655737
0 0.46204453441295545 0.5993852459016393 0.46558704453441296 0.6352459016393442 0.46153846153846156 0.680327868852459 0.46356275303643724 0.7038934426229508 0.4706477732793522 0.701844262295082 0.4731781376518219 0.6885245901639344 0.48785425101214575 0.5788934426229508 0.4924089068825911 0.5604508196721312 0.4908906882591093 0.5502049180327869 0.48228744939271256 0.5358606557377049 0.4701417004048583 0.5389344262295082