0 0.28694331983805665 0.46209016393442626 0.28795546558704455 0.48360655737704916 0.3021255060728745 0.49385245901639346 0.3132591093117409 0.5092213114754098 0.3223684210526316 0.5061475409836066 0.32793522267206476 0.4979508196721312 0.3309716599190283 0.4651639344262295 0.3299595141700405 0.3719262295081967 0.326417004048583 0.35348360655737704 0.3183198380566802 0.35758196721311475 0.3107287449392713 0.3770491803278688
0 0.3324898785425101 0.4713114754098361 0.33046558704453444 0.4989754098360656 0.333502024291498 0.514344262295082 0.33805668016194335 0.5184426229508197 0.3648785425101215 0.5215163934426229 0.3699392712550607 0.5102459016393442 0.3709514170040486 0.49385245901639346 0.36538461538461536 0.3790983606557377 0.3623481781376518 0.36065573770491804 0.35728744939271256 0.3514344262295082 0.35020242914979755 0.35348360655737704
0 0.37398785425101216 0.46209016393442626 0.3734817813765182 0.48668032786885246 0.37803643724696356 0.4989754098360656 0.40941295546558704 0.5020491803278688 0.4159919028340081 0.5010245901639344 0.4200404858299595 0.49385245901639346 0.42054655870445345 0.44979508196721313 0.41346153846153844 0.3975409836065574 0.41295546558704455 0.367827868852459 0.41548582995951416 0.3483606557377049 0.4043522267206478 0.32684426229508196 0.39979757085020245 0.32581967213114754 0.3917004048582996 0.3432377049180328
0 0.4215587044534413 0.3801229508196721 0.41700404858299595 0.514344262295082 0.43016194331983804 0.5286885245901639 0.43775303643724695 0.5317622950819673 0.4478744939271255 0.5286885245901639 0.4498987854251012 0.48668032786885246 0.4407894736842105 0.35860655737704916 0.4342105263157895 0.3483606557377049 0.42864372469635625 0.34938524590163933 0.4251012145748988 0.35655737704918034
0 0.44686234817813764 0.3780737704918033 0.45040485829959515 0.5061475409836066 0.4534412955465587 0.5174180327868853 0.4640688259109312 0.5245901639344263 0.4706477732793522 0.5133196721311475 0.4716599190283401 0.4723360655737705 0.4665991902834008 0.39959016393442626 0.45951417004048584 0.3801229508196721 0.4509109311740891 0.36885245901639346
0 0.4726720647773279 0.3719262295081967 0.47469635627530365 0.5327868852459017 0.4777327935222672 0.548155737704918 0.48633603238866396 0.5543032786885246 0.4908906882591093 0.5471311475409836 0.5 0.5133196721311475 0.5020242914979757 0.48155737704918034 0.49913765182186237 0.41561372950819675 0.4964574898785425 0.3975409836065574 0.49544534412955465 0.3401639344262295 0.4984817813765182 0.32991803278688525 0.4959514170040486 0.32889344262295084 0.4944331983805668 0.3104508196721312 0.4893724696356275 0.3125 0.47368421052631576 0.35348360655737704
0 0.4979757085020243 0.5092213114754098 0.49898785425101216 0.5532786885245902 0.5086032388663968 0.5686475409836066 0.5197368421052632 0.5635245901639344 0.5237854251012146 0.5450819672131147 0.5263157894736842 0.48258196721311475 0.5253036437246964 0.3719262295081967 0.5217611336032388 0.3668032786885246 0.5131578947368421 0.3668032786885246 0.5050607287449392 0.38422131147540983 0.5055668016194332 0.4016393442622951 0.49949392712550605 0.5081967213114754
0 0.5258097165991903 0.4098360655737705 0.5247975708502024 0.5655737704918032 0.5293522267206477 0.576844262295082 0.5425101214574899 0.5778688524590164 0.5501012145748988 0.5717213114754098 0.5501012145748988 0.5327868852459017 0.5480769230769231 0.42315573770491804 0.5409919028340081 0.3401639344262295 0.5318825910931174 0.3463114754098361 0.5288461538461539 0.3432377049180328 0.5273279352226721 0.3483606557377049
0 0.5511133603238867 0.5174180327868853 0.5511133603238867 0.5717213114754098 0.5642712550607287 0.5758196721311475 0.5738866396761133 0.5686475409836066 0.5769230769230769 0.5563524590163934 0.5754048582995951 0.3760245901639344 0.5723684210526315 0.3555327868852459 0.5652834008097166 0.3473360655737705 0.5632591093117408 0.34938524590163933 0.5576923076923077 0.4108606557377049
0 0.5774291497975709 0.4088114754098361 0.5779352226720648 0.5563524590163934 0.5814777327935222 0.5645491803278688 0.590080971659919 0.5686475409836066 0.597165991902834 0.5604508196721312 0.6012145748987854 0.5409836065573771 0.5996963562753036 0.3770491803278688 0.5956477732793523 0.3729508196721312 0.5814777327935222 0.3739754098360656 0.5789473684210527 0.3801229508196721
0 0.6022267206477733 0.45389344262295084 0.6022267206477733 0.5204918032786885 0.6108299595141701 0.5522540983606558 0.6174089068825911 0.555327868852459 0.6239878542510121 0.5440573770491803 0.6290485829959515 0.5184426229508197 0.6285425101214575 0.42418032786885246 0.6224696356275303 0.3237704918032787 0.6163967611336032 0.32991803278688525 0.6067813765182186 0.36065573770491804
0 0.6260121457489879 0.3637295081967213 0.6280364372469636 0.4334016393442623 0.6244939271255061 0.5102459016393442 0.6265182186234818 0.5286885245901639 0.632085020242915 0.5307377049180327 0.6503036437246964 0.5133196721311475 0.6513157894736842 0.3801229508196721 0.6422064777327935 0.3432377049180328 0.6432186234817814 0.33299180327868855 0.6346153846153846 0.33299180327868855
0 0.6513157894736842 0.42315573770491804 0.6508097165991903 0.5092213114754098 0.65334008097166 0.5163934426229508 0.6578947368421053 0.5184426229508197 0.673582995951417 0.5133196721311475 0.6776315789473685 0.5020491803278688 0.6705465587044535 0.3831967213114754 0.6659919028340081 0.36475409836065575 0.6573886639676113 0.36270491803278687 0.6543522267206477 0.3709016393442623
0 0.6786437246963563 0.3668032786885246 0.6781376518218624 0.4098360655737705 0.6740890688259109 0.444672131147541 0.6766194331983806 0.4969262295081967 0.6857287449392713 0.4989754098360656 0.7145748987854251 0.47950819672131145 0.7171052631578947 0.4702868852459016 0.708502024291498 0.4036885245901639 0.6953441295546559 0.33299180327868855 0.6847165991902834 0.32889344262295084 0.680161943319838 0.3442622950819672
0 0.7241902834008097 0.32479508196721313 0.7165991902834008 0.45799180327868855 0.7206477732793523 0.4713114754098361 0.7307692307692307 0.47438524590163933 0.7489878542510121 0.4641393442622951 0.756578947368421 0.44672131147540983 0.7535425101214575 0.4149590163934426 0.7515182186234818 0.29405737704918034 0.7439271255060729 0.2838114754098361 0.7358299595141701 0.28688524590163933 0.7282388663967612 0.30327868852459017
0 0.7424089068825911 0.47540983606557374 0.7408906882591093 0.48463114754098363 0.7444331983805668 0.5040983606557377 0.7601214574898786 0.5317622950819673 0.7661943319838057 0.569672131147541 0.7753036437246964 0.5840163934426229 0.7869433198380567 0.5840163934426229 0.7884615384615384 0.5676229508196722 0.7864372469635628 0.5563524590163934 0.798582995951417 0.5368852459016393 0.7940283400809717 0.5184426229508197 0.7889676113360324 0.47540983606557374 0.7803643724696356 0.44364754098360654 0.7722672064777328 0.4334016393442623 0.7667004048582996 0.4354508196721312 0.7540485829959515 0.4600409836065574
0 0.6998987854251012 0.5061475409836066 0.6993927125506073 0.5215163934426229 0.7034412955465587 0.5399590163934426 0.7464574898785425 0.6383196721311475 0.7575946356275304 0.6308790983606558 0.7377661943319839 0.5741178278688526 0.7646761133603239 0.610655737704918 0.7682186234817814 0.6065573770491803 0.770242914979757 0.5952868852459017 0.7383603238866396 0.48155737704918034 0.7246963562753036 0.47950819672131145 0.7054655870445344 0.4948770491803279
0 0.6675101214574899 0.5194672131147541 0.6503036437246964 0.5368852459016393 0.6644736842105263 0.5665983606557377 0.6837044534412956 0.6577868852459017 0.6958502024291497 0.6834016393442623 0.701417004048583 0.6854508196721312 0.6897327935222672 0.6253411885245901 0.692126012145749 0.6011137295081967 0.6999888663967612 0.6191116803278689 0.7241902834008097 0.6495901639344263 0.7201417004048583 0.6229508196721312 0.7100202429149798 0.5891393442622951 0.7034412955465587 0.555327868852459 0.6988866396761133 0.5061475409836066 0.6892712550607287 0.5040983606557377 0.6796558704453441 0.514344262295082
0 0.6290485829959515 0.5543032786885246 0.6325910931174089 0.5747950819672131 0.6396761133603239 0.5881147540983607 0.6467611336032388 0.6116803278688525 0.6538461538461539 0.6649590163934426 0.6563765182186235 0.6639344262295082 0.6654858299595142 0.6834016393442623 0.6715587044534413 0.6813524590163934 0.6730769230769231 0.6690573770491803 0.6705465587044535 0.6290983606557377 0.6543522267206477 0.5409836065573771 0.6553643724696356 0.5358606557377049 0.6503036437246964 0.5327868852459017 0.6391700404858299 0.5368852459016393
0 0.6067813765182186 0.5799180327868853 0.6093117408906883 0.6034836065573771 0.6381578947368421 0.7038934426229508 0.6518218623481782 0.7049180327868853 0.65334008097166 0.6915983606557377 0.6513157894736842 0.6680327868852459 0.646255060728745 0.6413934426229508 0.6396761133603239 0.6229508196721312 0.6310728744939271 0.5635245901639344 0.6143724696356275 0.5573770491803278
0 0.5875506072874493 0.5860655737704918 0.5855263157894737 0.5942622950819673 0.5860323886639676 0.6137295081967213 0.611336032388664 0.7438524590163934 0.6224696356275303 0.7592213114754098 0.6270242914979757 0.7561475409836066 0.6310728744939271 0.7295081967213115 0.6310728744939271 0.7120901639344263 0.6260121457489879 0.6711065573770492 0.6138663967611336 0.6270491803278688 0.6057692307692307 0.5860655737704918 0.5921052631578947 0.5758196721311475 0.590080971659919 0.5850409836065574
0 0.562753036437247 0.5952868852459017 0.5632591093117408 0.6157786885245902 0.583502024291498 0.7069672131147541 0.5915991902834008 0.7049180327868853 0.5951417004048583 0.6956967213114754 0.5941295546558705 0.6772540983606558 0.583502024291498 0.6004098360655737 0.5799595141700404 0.5911885245901639 0.5718623481781376 0.5881147540983607
0 0.5091093117408907 0.6454918032786885 0.5050607287449392 0.6834016393442623 0.5055668016194332 0.6997950819672131 0.5080971659919028 0.7059426229508197 0.5131578947368421 0.7069672131147541 0.521255060728745 0.6895491803278688 0.5344129554655871 0.6209016393442623 0.5344129554655871 0.6075819672131147 0.5293522267206477 0.5952868852459017 0.5253036437246964 0.5942622950819673 0.5161943319838057 0.6024590163934426
0 0.472165991902834 0.6813524590163934 0.47520242914979755 0.7120901639344263 0.48582995951417 0.7233606557377049 0.5010121457489879 0.7038934426229508 0.5146761133603239 0.6096311475409836 0.513663967611336 0.5973360655737705 0.5055668016194332 0.5758196721311475 0.4959514170040486 0.5799180327868853
0 0.44888663967611336 0.6721311475409836 0.4473684210526316 0.6926229508196722 0.45445344129554655 0.701844262295082 0.4610323886639676 0.6977459016393442 0.4706477732793522 0.6782786885245902 0.4949392712550607 0.5840163934426229 0.48785425101214575 0.5614754098360656 0.47469635627530365 0.5522540983606558 0.4686234817813765 0.5543032786885246 0.4509109311740891 0.6495901639344263
0 0.4311740890688259 0.6352459016393442 0.430668016194332 0.6772540983606558 0.4357287449392713 0.680327868852459 0.4458502024291498 0.673155737704918 0.47520242914979755 0.555327868852459 0.45293522267206476 0.5317622950819673 0.4438259109311741 0.5327868852459017 0.4382591093117409 0.5635245901639344
0 0.3917004048582996 0.5204918032786885 0.3901821862348178 0.5645491803278688 0.3689271255060729 0.6659836065573771 0.3714574898785425 0.6752049180327869 0.3765182186234818 0.6772540983606558 0.38917004048583 0.6557377049180327 0.4037545546558704 0.6049190573770491 0.40307034412955467 0.6332991803278689 0.3962332995951417 0.678985655737705 0.40384615384615385 0.6885245901639344 0.4089068825910931 0.6823770491803278 0.41346153846153844 0.6680327868852459 0.41953441295546556 0.6413934426229508 0.4225708502024291 0.6147540983606558 0.4402834008097166 0.5502049180327869 0.43724696356275305 0.5389344262295082 0.4058704453441296 0.5153688524590164 0.3952429149797571 0.5133196721311475