0 0.2823886639676113 0.382172131147541 0.2818825910931174 0.4016393442622951 0.29453441295546556 0.43135245901639346 0.3016194331983806 0.4323770491803279 0.3066801619433198 0.4395491803278688 0.3117408906882591 0.4364754098360656 0.3284412955465587 0.3698770491803279 0.3350202429149798 0.3350409836065574 0.3340080971659919 0.32684426229508196 0.32540485829959515 0.3073770491803279 0.3188259109311741 0.3012295081967213 0.3142712550607287 0.30225409836065575
0 0.3097165991902834 0.44979508196721313 0.3102226720647773 0.4672131147540984 0.32945344129554655 0.4959016393442623 0.3466599190283401 0.4979508196721312 0.36133603238866396 0.3801229508196721 0.3598178137651822 0.34938524590163933 0.3567813765182186 0.3452868852459016 0.35728744939271256 0.33811475409836067 0.3481781376518219 0.33709016393442626 0.3324898785425101 0.35758196721311475
0 0.3491902834008097 0.48155737704918034 0.3481781376518219 0.5010245901639344 0.3547570850202429 0.5184426229508197 0.35779352226720645 0.5204918032786885 0.3638663967611336 0.5153688524590164 0.3765182186234818 0.5266393442622951 0.39119433198380565 0.5204918032786885 0.3952429149797571 0.4969262295081967 0.3952429149797571 0.4149590163934426 0.38866396761133604 0.367827868852459 0.37550607287449395 0.36168032786885246 0.3694331983805668 0.3729508196721312
0 0.39878542510121456 0.3719262295081967 0.3982793522267207 0.4180327868852459 0.39068825910931176 0.5286885245901639 0.39220647773279355 0.5358606557377049 0.3942307692307692 0.5348360655737705 0.40030364372469635 0.5450819672131147 0.4190283400809717 0.5409836065573771 0.423582995951417 0.5327868852459017 0.42206477732793524 0.4805327868852459 0.4240890688259109 0.4661885245901639 0.4175101214574899 0.4293032786885246 0.4180161943319838 0.3985655737704918 0.4084008097165992 0.35963114754098363 0.40384615384615385 0.35860655737704916
0 0.4185222672064777 0.41905737704918034 0.42105263157894735 0.4682377049180328 0.416497975708502 0.5256147540983607 0.4175101214574899 0.5420081967213115 0.42206477732793524 0.5543032786885246 0.4316801619433198 0.5573770491803278 0.451417004048583 0.5286885245901639 0.4498987854251012 0.4959016393442623 0.4392712550607287 0.4405737704918033 0.4382591093117409 0.4098360655737705 0.43218623481781376 0.3780737704918033 0.4230769230769231 0.38114754098360654
0 0.43724696356275305 0.3780737704918033 0.43623481781376516 0.44672131147540983 0.44129554655870445 0.48155737704918034 0.4422302631578947 0.49769159836065574 0.4419261133603239 0.5275594262295082 0.4420779352226721 0.5383360655737706 0.4438259109311741 0.5430327868852459 0.44888663967611336 0.5604508196721312 0.458502024291498 0.5625 0.4676113360323887 0.5409836065573771 0.4706477732793522 0.5225409836065574 0.4605263157894737 0.4036885245901639 0.4509109311740891 0.36065573770491804 0.44281376518218624 0.35860655737704916 0.43876518218623484 0.36270491803278687
0 0.4665991902834008 0.4395491803278688 0.4716599190283401 0.5512295081967213 0.4741902834008097 0.5594262295081968 0.48633603238866396 0.5614754098360656 0.4934210526315789 0.5379098360655737 0.4949392712550607 0.5122950819672131 0.4934210526315789 0.44979508196721313 0.48838461538461536 0.42563831967213117 0.48245344129554657 0.39392418032786886 0.47895597165991904 0.38838114754098363 0.4731781376518219 0.4067622950819672
0 0.49544534412955465 0.5215163934426229 0.4949392712550607 0.5522540983606558 0.49949392712550605 0.5645491803278688 0.5146761133603239 0.569672131147541 0.521255060728745 0.5665983606557377 0.5258097165991903 0.5563524590163934 0.5253036437246964 0.41188524590163933 0.5288461538461539 0.36065573770491804 0.5253036437246964 0.33299180327868855 0.521255060728745 0.32889344262295084 0.5096153846153846 0.34938524590163933 0.5045546558704453 0.3729508196721312 0.4979757085020243 0.5061475409836066
0 0.5354251012145749 0.33299180327868855 0.5344129554655871 0.4047131147540984 0.5263157894736842 0.5358606557377049 0.5268218623481782 0.5532786885245902 0.5318825910931174 0.5594262295081968 0.5536437246963563 0.5471311475409836 0.5566801619433198 0.5327868852459017 0.555161943319838 0.5102459016393442 0.5581983805668016 0.36885245901639346 0.5526315789473685 0.3452868852459016 0.548582995951417 0.3422131147540984 0.5450404858299596 0.32889344262295084 0.5364372469635628 0.32889344262295084
0 0.5637651821862348 0.3801229508196721 0.562753036437247 0.4702868852459016 0.5576923076923077 0.5112704918032787 0.5576923076923077 0.5379098360655737 0.5642712550607287 0.5584016393442623 0.576417004048583 0.5614754098360656 0.5809716599190283 0.555327868852459 0.582995951417004 0.5409836065573771 0.5819838056680162 0.4426229508196721 0.5779352226720648 0.39651639344262296 0.5718623481781376 0.3780737704918033 0.5668016194331984 0.375
0 0.5875506072874493 0.4672131147540984 0.5824898785425101 0.5286885245901639 0.5915991902834008 0.5665983606557377 0.5996963562753036 0.5717213114754098 0.6077935222672065 0.555327868852459 0.6118421052631579 0.5389344262295082 0.6174089068825911 0.4661885245901639 0.618421052631579 0.4016393442622951 0.6072874493927125 0.39241803278688525 0.6012145748987854 0.39651639344262296 0.5931174089068826 0.4180327868852459
0 0.6199392712550608 0.4108606557377049 0.6204453441295547 0.42110655737704916 0.603744939271255 0.5307377049180327 0.6062753036437247 0.5440573770491803 0.6224696356275303 0.5686475409836066 0.6270242914979757 0.5706967213114754 0.632085020242915 0.5676229508196722 0.6427125506072875 0.548155737704918 0.6401821862348178 0.5379098360655737 0.638663967611336 0.45184426229508196 0.6401821862348178 0.41905737704918034 0.6346153846153846 0.4026639344262295 0.6260121457489879 0.4036885245901639
0 0.6376518218623481 0.42315573770491804 0.6391700404858299 0.4364754098360656 0.6346153846153846 0.5440573770491803 0.6422064777327935 0.5573770491803278 0.6558704453441295 0.5625 0.667004048582996 0.5471311475409836 0.6538461538461539 0.3801229508196721 0.6497975708502024 0.3801229508196721
0 0.6639676113360324 0.43135245901639346 0.6594129554655871 0.4948770491803279 0.6619433198380567 0.5389344262295082 0.6766194331983806 0.5491803278688525 0.7019230769230769 0.5389344262295082 0.7059716599190283 0.5297131147540983 0.707995951417004 0.5153688524590164 0.7019230769230769 0.4733606557377049 0.692162955465587 0.4239456967213115 0.6923076923076923 0.4139344262295082 0.6852226720647774 0.382172131147541 0.6811740890688259 0.3790983606557377 0.6725708502024291 0.3862704918032787 0.6659919028340081 0.41188524590163933
0 0.7019230769230769 0.3770491803278688 0.7009109311740891 0.4077868852459016 0.7074898785425101 0.507172131147541 0.7115384615384616 0.5163934426229508 0.7241902834008097 0.5133196721311475 0.7459514170040485 0.48668032786885246 0.7459514170040485 0.46209016393442626 0.7241902834008097 0.36065573770491804 0.7241902834008097 0.3514344262295082 0.7165991902834008 0.35040983606557374 0.7110323886639676 0.35655737704918034
0 0.7226720647773279 0.26844262295081966 0.7125506072874493 0.2899590163934426 0.7125506072874493 0.30020491803278687 0.7226720647773279 0.3422131147540984 0.7272267206477733 0.3770491803278688 0.7353238866396761 0.3985655737704918 0.7479757085020243 0.39959016393442626 0.7641700404858299 0.3637295081967213 0.7661943319838057 0.3483606557377049 0.7601214574898786 0.32581967213114754 0.7398785425101214 0.2766393442622951 0.7327935222672065 0.26536885245901637
0 0.7186234817813765 0.5686475409836066 0.7191295546558705 0.5901639344262295 0.7145748987854251 0.6301229508196722 0.7191295546558705 0.6444672131147541 0.7246963562753036 0.6495901639344263 0.7373481781376519 0.6465163934426229 0.7419671052631579 0.6380850409836065 0.762496963562753 0.663641393442623 0.7751194331983805 0.6661045081967214 0.7805941295546558 0.6556362704918033 0.7796816801619434 0.6328504098360657 0.7575910931174089 0.6075819672131147 0.7667004048582996 0.6065573770491803 0.7772484817813765 0.6017510245901639 0.7793522267206477 0.5799180327868853 0.7753036437246964 0.5676229508196722 0.770748987854251 0.5635245901639344 0.7550607287449392 0.5594262295081968 0.7322874493927125 0.5440573770491803 0.7246963562753036 0.5502049180327869
0 0.6290485829959515 0.610655737704918 0.6259352226720648 0.632077868852459 0.6391700404858299 0.6618852459016393 0.6485941295546559 0.6875020491803279 0.6516356275303644 0.697970286885246 0.6546771255060729 0.7084395491803279 0.6604251012145749 0.7592213114754098 0.667004048582996 0.7674180327868853 0.6740890688259109 0.7694672131147541 0.6781376518218624 0.7653688524590164 0.670492914979757 0.7315327868852459 0.6682115384615385 0.6918124999999999 0.6811376518218624 0.704436475409836 0.6907894736842105 0.7407786885245902 0.6968623481781376 0.7448770491803278 0.7009109311740891 0.7418032786885246 0.7019230769230769 0.7295081967213115 0.6915485829959515 0.6900614754098361 0.6831983805668016 0.6403688524590164 0.6837044534412956 0.610655737704918 0.6796558704453441 0.5952868852459017 0.6573886639676113 0.5891393442622951 0.6472672064777328 0.6034836065573771 0.6376518218623481 0.6034836065573771
0 0.597165991902834 0.6311475409836066 0.5961538461538461 0.6465163934426229 0.5981781376518218 0.6557377049180327 0.6057692307692307 0.673155737704918 0.6255060728744939 0.7397540983606558 0.6381578947368421 0.7540983606557377 0.646255060728745 0.7530737704918032 0.6482793522267206 0.7448770491803278 0.6432186234817814 0.6772540983606558 0.6295546558704453 0.625 0.6148785425101214 0.617827868852459 0.6108299595141701 0.6229508196721312 0.5986842105263158 0.6260245901639344
0 0.576417004048583 0.625 0.5748987854251012 0.6454918032786885 0.5802368421052632 0.6714877049180328 0.582995951417004 0.7438524590163934 0.5921052631578947 0.7520491803278688 0.5976720647773279 0.7469262295081968 0.6012145748987854 0.7151639344262295 0.6032388663967612 0.7120901639344263 0.6057692307692307 0.6342213114754098 0.6022267206477733 0.6270491803278688 0.5840080971659919 0.6188524590163934
0 0.5511133603238867 0.6772540983606558 0.5521255060728745 0.7038934426229508 0.5501012145748988 0.7295081967213115 0.5526315789473685 0.7756147540983607 0.5561740890688259 0.7807377049180327 0.5642712550607287 0.8094262295081968 0.5794534412955465 0.7028688524590164 0.5794534412955465 0.6372950819672131 0.576417004048583 0.6188524590163934 0.5642712550607287 0.6127049180327869 0.5587044534412956 0.6239754098360656 0.5521255060728745 0.6424180327868853
0 0.5344129554655871 0.6577868852459017 0.534919028340081 0.7551229508196722 0.5364372469635628 0.7602459016393442 0.5450404858299596 0.7612704918032787 0.5501012145748988 0.7479508196721312 0.5536437246963563 0.7100409836065574 0.5521255060728745 0.6864754098360656 0.5546558704453441 0.6147540983606558 0.5475708502024291 0.6137295081967213 0.5404858299595142 0.6219262295081968 0.5363638663967611 0.6268411885245901
0 0.5182186234817814 0.6075819672131147 0.5177125506072875 0.7110655737704918 0.5217611336032388 0.7274590163934426 0.5298582995951417 0.7151639344262295 0.5318825910931174 0.7028688524590164 0.5394736842105263 0.6137295081967213 0.5369433198380567 0.6045081967213115 0.520242914979757 0.6034836065573771
0 0.5030364372469636 0.6475409836065574 0.5 0.6577868852459017 0.501994939271255 0.6656362704918032 0.5 0.6905737704918032 0.5050607287449392 0.7202868852459017 0.5091093117408907 0.7254098360655737 0.5172064777327935 0.7233606557377049 0.5192307692307693 0.6465163934426229 0.5167004048582996 0.6229508196721312 0.5126518218623481 0.6219262295081968
0 0.4832995951417004 0.6290983606557377 0.48481072874493925 0.6625573770491803 0.4797570850202429 0.6967213114754098 0.4797570850202429 0.7233606557377049 0.48228744939271256 0.7418032786885246 0.4908906882591093 0.7366803278688525 0.4949392712550607 0.7202868852459017 0.4986492914979757 0.6721024590163934 0.5075910931174089 0.6198770491803278 0.4979757085020243 0.6075819672131147 0.4868421052631579 0.6055327868852459
0 0.45394736842105265 0.7233606557377049 0.45394736842105265 0.7674180327868853 0.46204453441295545 0.7694672131147541 0.4706477732793522 0.7530737704918032 0.47469635627530365 0.735655737704918 0.4807692307692308 0.6752049180327869 0.48228744939271256 0.639344262295082 0.48026315789473684 0.6270491803278688 0.4731781376518219 0.6127049180327869 0.46305668016194335 0.6137295081967213 0.4590080971659919 0.6239754098360656
0 0.39501113360323886 0.7319928278688524 0.39349038461538466 0.7498514344262295 0.39271255060728744 0.7633196721311475 0.4020065789473684 0.7615522540983606 0.40778542510121457 0.7483124999999999 0.4215587044534413 0.6997950819672131 0.42813765182186236 0.6700819672131147 0.43724696356275305 0.6495901639344263 0.4402834008097166 0.6352459016393442 0.4397773279352227 0.6219262295081968 0.4175101214574899 0.6086065573770492 0.4109311740890688 0.6127049180327869 0.40413562753036436 0.655938524590164 0.4021589068825911 0.6802643442622951 0.3980526315789474 0.7092079918032786
0 0.34210526315789475 0.7049180327868853 0.3415991902834008 0.7213114754098361 0.3456477732793522 0.7233606557377049 0.3531907894736842 0.7122899590163935 0.36885475708502025 0.6713381147540983 0.37463360323886635 0.6842704918032786 0.3643724696356275 0.7438524590163934 0.3684210526315789 0.7489754098360656 0.37398785425101216 0.7448770491803278 0.3932186234817814 0.6926229508196722 0.402834008097166 0.6506147540983607 0.4149797570850202 0.6147540983606558 0.41295546558704455 0.5952868852459017 0.3866396761133603 0.5706967213114754 0.3674089068825911 0.5778688524590164 0.3598178137651822 0.5983606557377049 0.3603238866396761 0.6219262295081968
0 0.298582995951417 0.6301229508196722 0.2990890688259109 0.6649590163934426 0.3092105263157895 0.673155737704918 0.3259109311740891 0.6690573770491803 0.333502024291498 0.6577868852459017 0.35374493927125505 0.6065573770491803 0.3623481781376518 0.5911885245901639 0.36690283400809715 0.576844262295082 0.3658906882591093 0.5645491803278688 0.36133603238866396 0.5563524590163934 0.33805668016194335 0.5379098360655737 0.333502024291498 0.5297131147540983 0.3208502024291498 0.5307377049180327 0.31629554655870445 0.5409836065573771
0 0.2353238866396761 0.5327868852459017 0.23380566801619435 0.5440573770491803 0.2604443319838057 0.5659969262295083 0.23765536437246965 0.5813780737704918 0.23982591093117409 0.602251024590164 0.27884615384615385 0.6270491803278688 0.28643724696356276 0.6270491803278688 0.2894736842105263 0.6219262295081968 0.2935222672064777 0.6024590163934426 0.2940283400809717 0.5676229508196722 0.2935222672064777 0.5307377049180327 0.29048582995951416 0.5215163934426229 0.2808704453441296 0.5184426229508197 0.2515182186234818 0.5225409836065574