0 0.29048582995951416 0.4713114754098361 0.2909919028340081 0.4979508196721312 0.2990890688259109 0.5102459016393442 0.3188259109311741 0.5153688524590164 0.3355263157894737 0.5010245901639344 0.3360323886639676 0.4774590163934426 0.33299595141700405 0.4569672131147541 0.3309716599190283 0.3165983606557377 0.3021255060728745 0.35655737704918034 0.3006072874493927 0.3801229508196721 0.30364372469635625 0.41188524590163933
0 0.3390688259109312 0.38729508196721313 0.3426113360323887 0.39549180327868855 0.3436234817813765 0.4385245901639344 0.3375506072874494 0.4692622950819672 0.33805668016194335 0.5030737704918032 0.3491902834008097 0.5266393442622951 0.35728744939271256 0.5225409836065574 0.3724696356275304 0.5256147540983607 0.3770242914979757 0.5215163934426229 0.3815789473684211 0.5092213114754098 0.3856275303643725 0.5051229508196722 0.3861336032388664 0.48463114754098363 0.3825910931174089 0.45799180327868855 0.37398785425101216 0.42008196721311475 0.37398785425101216 0.38729508196721313 0.3618421052631579 0.32479508196721313 0.354251012145749 0.33401639344262296 0.354251012145749 0.36885245901639346 0.35121457489878544 0.3729508196721312 0.340080971659919 0.3760245901639344
0 0.41953441295546556 0.5850409836065574 0.42459514170040485 0.6895491803278688 0.4240890688259109 0.7202868852459017 0.4190283400809717 0.7663934426229508 0.4200404858299595 0.7756147540983607 0.4256072874493927 0.7879098360655737 0.4316801619433198 0.7899590163934426 0.4342105263157895 0.7848360655737705 0.4342105263157895 0.764344262295082 0.4392712550607287 0.7418032786885246 0.4423076923076923 0.7120901639344263 0.44281376518218624 0.6536885245901639 0.44888663967611336 0.6198770491803278 0.4534412955465587 0.6075819672131147 0.4564777327935223 0.5747950819672131 0.45445344129554655 0.5706967213114754 0.4316801619433198 0.5665983606557377 0.4230769230769231 0.5717213114754098
0 0.3729757085020243 0.7059426229508197 0.37398785425101216 0.7274590163934426 0.3810728744939271 0.7377049180327869 0.39119433198380565 0.7069672131147541 0.3982793522267207 0.6639344262295082 0.4139676113360324 0.6147540983606558 0.4144736842105263 0.6024590163934426 0.4089068825910931 0.5973360655737705 0.4008097165991903 0.5993852459016393 0.3917004048582996 0.617827868852459
0 0.3466599190283401 0.6915983606557377 0.34615384615384615 0.7049180327868853 0.34868421052631576 0.7131147540983607 0.3532388663967611 0.7161885245901639 0.36082995951417 0.7110655737704918 0.36639676113360325 0.6997950819672131 0.3790485829959514 0.6485655737704918 0.38714574898785425 0.6260245901639344 0.3729757085020243 0.6147540983606558 0.36690283400809715 0.6147540983606558 0.34969635627530365 0.6659836065573771
0 0.3284412955465587 0.5706967213114754 0.3147773279352227 0.673155737704918 0.32034412955465585 0.6915983606557377 0.3208502024291498 0.7049180327868853 0.3248987854251012 0.7079918032786885 0.33704453441295545 0.7059426229508197 0.3436234817813765 0.6915983606557377 0.36690283400809715 0.5870901639344263 0.3648785425101215 0.5788934426229508 0.35880566801619435 0.5788934426229508 0.34463562753036436 0.5563524590163934 0.3360323886639676 0.5594262295081968
0 0.43876518218623484 0.3176229508196721 0.4418016194331984 0.367827868852459 0.4392712550607287 0.41700819672131145 0.44129554655870445 0.4672131147540984 0.43876518218623484 0.492827868852459 0.4316801619433198 0.5133196721311475 0.4342105263157895 0.5286885245901639 0.4382591093117409 0.5358606557377049 0.4534412955465587 0.5409836065573771 0.4625506072874494 0.5266393442622951 0.4645748987854251 0.5030737704918032 0.4605263157894737 0.38422131147540983 0.4574898785425101 0.34938524590163933 0.4498987854251012 0.3155737704918033 0.4433198380566802 0.305327868852459
0 0.4084008097165992 0.3801229508196721 0.4084008097165992 0.4661885245901639 0.40384615384615385 0.5010245901639344 0.40384615384615385 0.5184426229508197 0.4084008097165992 0.5297131147540983 0.4144736842105263 0.5348360655737705 0.42206477732793524 0.5338114754098361 0.4256072874493927 0.5245901639344263 0.43370445344129555 0.5245901639344263 0.4352226720647773 0.5286885245901639 0.4397773279352227 0.5040983606557377 0.4402834008097166 0.4805327868852459 0.4367408906882591 0.3719262295081967 0.4331983805668016 0.35450819672131145 0.42206477732793524 0.32786885245901637 0.41953441295546556 0.32581967213114754 0.4175101214574899 0.32991803278688525
0 0.4549595141700405 0.5747950819672131 0.4564777327935223 0.5952868852459017 0.45040485829959515 0.6229508196721312 0.4509109311740891 0.6967213114754098 0.4559716599190283 0.8022540983606558 0.4590080971659919 0.8206967213114754 0.4665991902834008 0.8278688524590164 0.4716599190283401 0.8063524590163934 0.47621457489878544 0.7315573770491803 0.479251012145749 0.5993852459016393 0.4772267206477733 0.5717213114754098 0.4610323886639676 0.5635245901639344 0.4569838056680162 0.5665983606557377
0 0.4645748987854251 0.5081967213114754 0.4640688259109312 0.5338114754098361 0.4665991902834008 0.5409836065573771 0.48026315789473684 0.5491803278688525 0.4924089068825911 0.548155737704918 0.4898785425101215 0.367827868852459 0.48279352226720645 0.3442622950819672 0.4777327935222672 0.3463114754098361 0.4731781376518219 0.35655737704918034 0.4681174089068826 0.4293032786885246 0.4676113360323887 0.48668032786885246
0 0.4924089068825911 0.3401639344262295 0.4949392712550607 0.49077868852459017 0.49291497975708504 0.5133196721311475 0.4939271255060729 0.5440573770491803 0.4974696356275304 0.555327868852459 0.5177125506072875 0.5543032786885246 0.5242914979757085 0.5471311475409836 0.5237854251012146 0.5092213114754098 0.5192307692307693 0.4723360655737705 0.5182186234817814 0.42725409836065575 0.5040485829959515 0.3422131147540984 0.5010121457489879 0.33811475409836067
0 0.4782388663967611 0.5717213114754098 0.47874493927125505 0.6209016393442623 0.4832995951417004 0.673155737704918 0.4893724696356275 0.7202868852459017 0.4939271255060729 0.7233606557377049 0.49949392712550605 0.7202868852459017 0.5040485829959515 0.6967213114754098 0.5005060728744939 0.5819672131147541 0.4944331983805668 0.569672131147541 0.48228744939271256 0.5676229508196722
0 0.5010121457489879 0.5717213114754098 0.5010121457489879 0.5952868852459017 0.5091093117408907 0.6956967213114754 0.5141700404858299 0.7202868852459017 0.5182186234817814 0.7284836065573771 0.5217611336032388 0.7213114754098361 0.5232793522267206 0.6926229508196722 0.5192307692307693 0.5717213114754098 0.5151821862348178 0.5655737704918032 0.5050607287449392 0.5655737704918032
0 0.520748987854251 0.555327868852459 0.5167004048582996 0.5614754098360656 0.5273279352226721 0.7161885245901639 0.5369433198380567 0.7377049180327869 0.541497975708502 0.7336065573770492 0.5440283400809717 0.7213114754098361 0.5399797570850202 0.5645491803278688 0.5359311740890689 0.5563524590163934
0 0.5399797570850202 0.5788934426229508 0.5394736842105263 0.6137295081967213 0.5450404858299596 0.6741803278688525 0.5526315789473685 0.735655737704918 0.5561740890688259 0.7377049180327869 0.5602226720647774 0.7202868852459017 0.562246963562753 0.6854508196721312 0.5602226720647774 0.5973360655737705 0.5561740890688259 0.5737704918032787
0 0.5293522267206477 0.367827868852459 0.5242914979757085 0.492827868852459 0.5247975708502024 0.5420081967213115 0.5328947368421053 0.5522540983606558 0.5404858299595142 0.5522540983606558 0.5480769230769231 0.548155737704918 0.555161943319838 0.5307377049180327 0.5526315789473685 0.35348360655737704 0.5455465587044535 0.33811475409836067 0.5323886639676113 0.3401639344262295
0 0.5602226720647774 0.39139344262295084 0.5592105263157895 0.44979508196721313 0.555668016194332 0.4733606557377049 0.5561740890688259 0.5266393442622951 0.5617408906882592 0.5338114754098361 0.5728744939271255 0.5327868852459017 0.5794534412955465 0.5286885245901639 0.5809716599190283 0.5184426229508197 0.5804655870445344 0.4918032786885246 0.5779352226720648 0.4733606557377049 0.5784412955465587 0.38729508196721313 0.5759109311740891 0.34938524590163933 0.5688259109311741 0.3452868852459016 0.5642712550607287 0.34938524590163933
0 0.5592105263157895 0.5686475409836066 0.5602226720647774 0.5942622950819673 0.5718623481781376 0.6577868852459017 0.5855263157894737 0.7141393442622951 0.5931174089068826 0.7745901639344263 0.5946356275303644 0.7807377049180327 0.6032388663967612 0.7807377049180327 0.6052631578947368 0.7581967213114754 0.604251012145749 0.7110655737704918 0.5875506072874493 0.5706967213114754 0.583502024291498 0.5614754098360656 0.5657894736842105 0.5635245901639344
0 0.5905870445344129 0.5819672131147541 0.590080971659919 0.5973360655737705 0.597165991902834 0.6362704918032787 0.6067813765182186 0.7161885245901639 0.6153846153846154 0.7479508196721312 0.6143724696356275 0.7520491803278688 0.6209514170040485 0.764344262295082 0.6265182186234818 0.7684426229508197 0.6290485829959515 0.7622950819672131 0.6285425101214575 0.7151639344262295 0.6209514170040485 0.5952868852459017 0.6123481781376519 0.5676229508196722 0.5961538461538461 0.5819672131147541
0 0.5875506072874493 0.4036885245901639 0.5880566801619433 0.4334016393442623 0.583502024291498 0.492827868852459 0.583502024291498 0.5184426229508197 0.5875506072874493 0.5286885245901639 0.6093117408906883 0.5286885245901639 0.6169028340080972 0.5092213114754098 0.6169028340080972 0.5040983606557377 0.6103238866396761 0.4641393442622951 0.6082995951417004 0.36885245901639346 0.6072874493927125 0.3524590163934426 0.604757085020243 0.3452868852459016 0.5946356275303644 0.3463114754098361 0.5910931174089069 0.36168032786885246
0 0.6022267206477733 0.47950819672131145 0.6012145748987854 0.5061475409836066 0.604757085020243 0.5266393442622951 0.6118421052631579 0.5286885245901639 0.6153846153846154 0.5245901639344263 0.631578947368421 0.5317622950819673 0.6401821862348178 0.5215163934426229 0.6411943319838057 0.5133196721311475 0.6381578947368421 0.5051229508196722 0.6351214574898786 0.38831967213114754 0.6330971659919028 0.38422131147540983 0.6341093117408907 0.3801229508196721 0.6305668016194332 0.35348360655737704 0.6224696356275303 0.3524590163934426 0.617914979757085 0.36168032786885246 0.617914979757085 0.38934426229508196 0.6118421052631579 0.4344262295081967
0 0.6088056680161943 0.5717213114754098 0.6108299595141701 0.5911885245901639 0.6209514170040485 0.6157786885245902 0.6275303643724697 0.6444672131147541 0.6411943319838057 0.7202868852459017 0.6477732793522267 0.7397540983606558 0.6482793522267206 0.7510245901639344 0.652834008097166 0.7663934426229508 0.6578947368421053 0.7735655737704918 0.6624493927125507 0.7592213114754098 0.6639676113360324 0.735655737704918 0.6482793522267206 0.6424180327868853 0.6422064777327935 0.5758196721311475 0.6391700404858299 0.5635245901639344 0.6356275303643725 0.5604508196721312 0.6204453441295547 0.5614754098360656
0 0.6751012145748988 0.5307377049180327 0.6573886639676113 0.5358606557377049 0.6442307692307693 0.5440573770491803 0.6417004048582996 0.5512295081967213 0.6411943319838057 0.5665983606557377 0.6447368421052632 0.5819672131147541 0.65334008097166 0.5993852459016393 0.6644736842105263 0.6434426229508197 0.6675101214574899 0.673155737704918 0.6715587044534413 0.6977459016393442 0.6745951417004049 0.7049180327868853 0.6771255060728745 0.7284836065573771 0.6892712550607287 0.735655737704918 0.6907894736842105 0.7295081967213115 0.6902834008097166 0.7202868852459017 0.6882591093117408 0.7161885245901639 0.687246963562753 0.7028688524590164 0.680161943319838 0.6659836065573771 0.680161943319838 0.6536885245901639 0.6816801619433198 0.6495901639344263 0.6933198380566802 0.6649590163934426 0.6968623481781376 0.6782786885245902 0.6983805668016194 0.6987704918032787 0.7044534412955465 0.7172131147540983 0.707995951417004 0.7213114754098361 0.7115384615384616 0.7202868852459017 0.7130566801619433 0.7069672131147541 0.7059716599190283 0.6690573770491803 0.7049595141700404 0.6516393442622951 0.6923076923076923 0.6014344262295082 0.6892712550607287 0.5440573770491803 0.6862348178137652 0.5348360655737705 0.6781376518218624 0.5307377049180327
0 0.6685222672064778 0.3401639344262295 0.6710526315789473 0.41188524590163933 0.666497975708502 0.45799180327868855 0.667004048582996 0.4948770491803279 0.6776315789473685 0.5081967213114754 0.7090080971659919 0.5010245901639344 0.7120445344129555 0.48258196721311475 0.7115384615384616 0.4610655737704918 0.7049595141700404 0.4262295081967213 0.6978744939271255 0.36475409836065575 0.6912955465587044 0.3524590163934426 0.6902834008097166 0.3411885245901639 0.6771255060728745 0.319672131147541 0.6695344129554656 0.319672131147541
0 0.7135627530364372 0.4692622950819672 0.7125506072874493 0.492827868852459 0.7196356275303644 0.5102459016393442 0.7277327935222672 0.5092213114754098 0.7368421052631579 0.4989754098360656 0.7484817813765182 0.5122950819672131 0.7530364372469636 0.5061475409836066 0.7560728744939271 0.4948770491803279 0.7575910931174089 0.47540983606557374 0.7510121457489879 0.4385245901639344 0.7489878542510121 0.4098360655737705 0.7515182186234818 0.382172131147541 0.7515182186234818 0.3401639344262295 0.7454453441295547 0.3237704918032787 0.7398785425101214 0.32172131147540983 0.7317813765182186 0.32889344262295084 0.7257085020242915 0.3442622950819672 0.7211538461538461 0.3729508196721312 0.7186234817813765 0.44364754098360654
0 0.6346153846153846 0.4764344262295082 0.6356275303643725 0.5 0.65334008097166 0.5225409836065574 0.6614372469635628 0.5174180327868853 0.666497975708502 0.5061475409836066 0.6558704453441295 0.35963114754098363 0.6538461538461539 0.35450819672131145 0.646255060728745 0.35348360655737704 0.6417004048582996 0.36475409836065575 0.6411943319838057 0.4088114754098361