0 0.26417004048583 0.5870901639344263 0.2646761133603239 0.6024590163934426 0.26720647773279355 0.6045081967213115 0.2692307692307692 0.6209016393442623 0.27530364372469635 0.6413934426229508 0.27884615384615385 0.6465163934426229 0.2899797570850202 0.6506147540983607 0.29959514170040485 0.6465163934426229 0.319331983805668 0.6239754098360656 0.3243927125506073 0.6147540983606558 0.3274291497975709 0.5993852459016393 0.3269230769230769 0.5840163934426229 0.32135627530364375 0.5594262295081968 0.3061740890688259 0.5133196721311475 0.29200404858299595 0.5245901639344263 0.28441295546558704 0.5532786885245902 0.277834008097166 0.5676229508196722 0.2682186234817814 0.5747950819672131 0.2687246963562753 0.5788934426229508
0 0.35779352226720645 0.4702868852459016 0.35728744939271256 0.48258196721311475 0.3598178137651822 0.492827868852459 0.37550607287449395 0.5122950819672131 0.38309716599190285 0.5133196721311475 0.3896761133603239 0.5061475409836066 0.39625506072874495 0.39651639344262296 0.39625506072874495 0.375 0.3932186234817814 0.35963114754098363 0.3851214574898785 0.36065573770491804 0.3775303643724696 0.367827868852459 0.37196356275303644 0.41290983606557374
0 0.39068825910931176 0.49385245901639346 0.39068825910931176 0.5133196721311475 0.3977732793522267 0.5358606557377049 0.4185222672064777 0.5430327868852459 0.4291497975708502 0.5348360655737705 0.4311740890688259 0.5102459016393442 0.42813765182186236 0.4385245901639344 0.4256072874493927 0.4077868852459016 0.41953441295546556 0.382172131147541 0.41548582995951416 0.3801229508196721 0.4008097165991903 0.39549180327868855 0.395748987854251 0.43135245901639346 0.3972672064777328 0.4354508196721312 0.395748987854251 0.4692622950819672
0 0.4311740890688259 0.3801229508196721 0.430668016194332 0.5235655737704918 0.42864372469635625 0.5420081967213115 0.4316801619433198 0.5512295081967213 0.4402834008097166 0.5573770491803278 0.4549595141700405 0.5389344262295082 0.4569838056680162 0.5327868852459017 0.4569838056680162 0.5133196721311475 0.4458502024291498 0.39241803278688525 0.4397773279352227 0.3760245901639344
0 0.45394736842105265 0.3801229508196721 0.4534412955465587 0.5471311475409836 0.4569838056680162 0.5573770491803278 0.4625506072874494 0.5614754098360656 0.46710526315789475 0.5594262295081968 0.4731781376518219 0.5471311475409836 0.47621457489878544 0.5327868852459017 0.47469635627530365 0.46209016393442626 0.4706477732793522 0.39651639344262296 0.46710526315789475 0.3760245901639344 0.458502024291498 0.375
0 0.47621457489878544 0.5081967213114754 0.47520242914979755 0.5440573770491803 0.4777327935222672 0.555327868852459 0.4848178137651822 0.5635245901639344 0.4959514170040486 0.5604508196721312 0.4964574898785425 0.3760245901639344 0.4898785425101215 0.35860655737704916 0.4853238866396761 0.35860655737704916 0.48279352226720645 0.3719262295081967 0.4782388663967611 0.4989754098360656
0 0.4109311740890688 0.6188524590163934 0.4084008097165992 0.7254098360655737 0.41143724696356276 0.735655737704918 0.41548582995951416 0.735655737704918 0.42105263157894735 0.7295081967213115 0.42813765182186236 0.7038934426229508 0.4458502024291498 0.6065573770491803 0.4392712550607287 0.5860655737704918 0.430668016194332 0.5819672131147541 0.4149797570850202 0.5993852459016393 0.41194331983805665 0.6065573770491803
0 0.43724696356275305 0.6516393442622951 0.43724696356275305 0.7161885245901639 0.4402834008097166 0.7192622950819673 0.4509109311740891 0.7008196721311475 0.4574898785425101 0.6598360655737705 0.4590080971659919 0.6331967213114754 0.4549595141700405 0.6239754098360656 0.44686234817813764 0.6219262295081968 0.4423076923076923 0.6270491803278688
0 0.4610323886639676 0.6055327868852459 0.4600202429149798 0.7756147540983607 0.46710526315789475 0.7817622950819673 0.472165991902834 0.7674180327868853 0.4812753036437247 0.7049180327868853 0.48582995951417 0.5983606557377049 0.48228744939271256 0.5901639344262295 0.4731781376518219 0.5881147540983607
0 0.48582995951417 0.5983606557377049 0.47520242914979755 0.610655737704918 0.48380566801619435 0.6670081967213115 0.4853238866396761 0.7172131147540983 0.4934210526315789 0.7592213114754098 0.4979757085020243 0.7653688524590164 0.5030364372469636 0.7469262295081968 0.5015182186234818 0.6096311475409836 0.49898785425101216 0.6004098360655737
0 0.65334008097166 0.32684426229508196 0.6518218623481782 0.32991803278688525 0.652834008097166 0.35348360655737704 0.6705465587044535 0.49385245901639346 0.6887651821862348 0.4969262295081967 0.707995951417004 0.47848360655737704 0.7095141700404858 0.4682377049180328 0.7074898785425101 0.44672131147540983 0.6918016194331984 0.39959016393442626 0.6857287449392713 0.36885245901639346 0.6720647773279352 0.3360655737704918 0.6584008097165992 0.32172131147540983
0 0.7479757085020243 0.5215163934426229 0.7393724696356275 0.5860655737704918 0.7469635627530364 0.6157786885245902 0.7520242914979757 0.625 0.7839068825910931 0.6147540983606558 0.7995951417004049 0.5952868852459017 0.8041497975708503 0.5788934426229508 0.805668016194332 0.5594262295081968 0.7950404858299596 0.5317622950819673 0.7828947368421053 0.5174180327868853 0.7727732793522267 0.5184426229508197 0.7560728744939271 0.5112704918032787 0.7505060728744939 0.5122950819672131
0 0.6563765182186235 0.5799180327868853 0.6548582995951417 0.5870901639344263 0.6609311740890689 0.6577868852459017 0.6630622469635628 0.6608790983606557 0.6690283400809717 0.6670081967213115 0.6786437246963563 0.6598360655737705 0.6831983805668016 0.6413934426229508 0.6766194331983806 0.5717213114754098 0.6705465587044535 0.5676229508196722
0 0.6566857287449394 0.6591065573770492 0.6411831983805668 0.6315092213114754 0.6299306680161944 0.6082161885245901 0.6263051619433199 0.5945440573770492 0.6348066801619433 0.5937838114754098 0.6424331983805669 0.5909989754098361 0.6474342105263158 0.5925184426229508 0.6540602226720648 0.6089754098360656 0.6625617408906882 0.6302428278688524 0.6709387651821863 0.653282786885246 0.6770647773279352 0.6634108606557377 0.6733137651821862 0.6702469262295081 0.6651872469635628 0.6669549180327868 0.6580612348178138 0.6606260245901638
0 0.7273238866396761 0.6672151639344263 0.7300743927125506 0.6583534836065573 0.7276993927125506 0.6487325819672132 0.7226983805668016 0.6408842213114755 0.7206978744939271 0.636326844262295 0.7188223684210526 0.63025 0.7183223684210526 0.6224016393442624 0.7178223684210526 0.6082223360655737 0.7179473684210527 0.6046782786885246 0.7210728744939271 0.6059436475409835 0.7246988866396762 0.6127797131147541 0.7305748987854251 0.6251864754098361 0.7349504048582995 0.6343012295081967 0.7432019230769231 0.6517704918032787 0.747327935222672 0.6570881147540983 0.7513284412955465 0.6593668032786886 0.7539539473684211 0.6558217213114754 0.7560794534412955 0.6482264344262295 0.7527039473684211 0.6335409836065574 0.7478279352226721 0.6216413934426229 0.7452024291497975 0.6145522540983607 0.7427019230769231 0.606703893442623 0.7392014170040486 0.594297131147541 0.7378259109311741 0.583156762295082 0.7370759109311741 0.5753084016393443 0.736200910931174 0.5659405737704918 0.7352004048582996 0.5525215163934426 0.7342004048582996 0.5436598360655738 0.7334504048582996 0.5299877049180328 0.7328254048582996 0.5241649590163934 0.7315748987854251 0.5153032786885245 0.7280743927125506 0.5077069672131147 0.7239483805668016 0.5026434426229508 0.7193228744939272 0.49960553278688524 0.7164468623481782 0.4973268442622951 0.7144468623481782 0.4958073770491803 0.7100708502024291 0.4958073770491803 0.7051948380566802 0.5001116803278688 0.6985688259109312 0.5084672131147541 0.6968183198380566 0.5117581967213115 0.6926928137651822 0.5130245901639344 0.6870668016194332 0.5135307377049181 0.6810652834008097 0.5160625 0.6780647773279352 0.5178350409836066 0.6763147773279352 0.5228985655737705 0.6753142712550607 0.5304938524590164 0.6746892712550607 0.5416342213114754 0.6771897773279352 0.5504959016393443 0.6803152834008098 0.5596106557377049 0.6829407894736842 0.5654344262295082 0.6856912955465587 0.5704979508196721 0.6886918016194332 0.5773340163934426 0.6921923076923077 0.5854354508196721 0.6943178137651822 0.5922715163934427 0.6960683198380567 0.5988545081967213 0.6981938259109313 0.6069569672131148 0.6994438259109312 0.6125266393442623 0.7010693319838057 0.6193627049180328 0.7020693319838056 0.6256926229508197 0.7039448380566801 0.6312622950819672 0.7065703441295547 0.6375922131147541 0.7100708502024291 0.6449344262295083 0.7125713562753037 0.6527838114754098 0.7166973684210526 0.6613924180327869 0.7196978744939272 0.664936475409836 0.7223233805668016 0.668734631147541 0.7238233805668016 0.6705071721311475
0 0.6357494939271255 0.7271987704918033 0.6119215587044534 0.6667981557377048 0.6021457489878542 0.6332540983606558 0.5907413967611337 0.6162069672131147 0.5839524291497976 0.6074088114754098 0.5825951417004049 0.5931106557377049 0.587754048582996 0.589811475409836 0.5910126518218622 0.5865122950819672 0.5956290485829959 0.5771639344262295 0.5991589068825911 0.5716649590163935 0.6051330971659918 0.5689149590163934 0.6089347165991903 0.5705645491803278 0.6130075910931174 0.5705645491803278 0.619796052631579 0.5705645491803278 0.6238694331983806 0.5722141393442622 0.6246842105263157 0.5804631147540984 0.6273992914979757 0.5980604508196721 0.6317439271255061 0.6228053278688525 0.6339164979757085 0.6404026639344262 0.6352742914979757 0.6590993852459016 0.6379898785425101 0.675047131147541 0.6426057692307692 0.6926434426229509 0.6458643724696357 0.7041915983606558 0.6477651821862348 0.7151895491803278 0.649122975708502 0.7250881147540984 0.6499377530364373 0.7349866803278688 0.6483081983805669 0.745984631147541 0.6423345141700405 0.7443350409836066 0.6371751012145749 0.734436475409836
0 0.5047302631578947 0.6983360655737705 0.5032363360323887 0.6442510245901639 0.4994352226720648 0.6041086065573771 0.5040511133603239 0.5936598360655738 0.5146411943319839 0.5898104508196721 0.5173567813765182 0.6063084016393442 0.5184428137651822 0.6448012295081967 0.5176285425101215 0.6750461065573771 0.5162707489878542 0.7058411885245901 0.5132834008097166 0.7289364754098361 0.5102965587044535 0.7443340163934427 0.5081244939271254 0.7487336065573771 0.5026933198380567 0.7443340163934427 0.5037798582995952 0.7201383196721312
0 0.5298476720647773 0.7476342213114754 0.537450910931174 0.6579989754098361 0.5369078947368421 0.6514006147540984 0.5366361336032389 0.6283043032786886 0.5366361336032389 0.5986096311475411 0.529032894736842 0.5914600409836065 0.5211584008097165 0.5969590163934426 0.5187145748987855 0.5997090163934427 0.5189858299595143 0.6239047131147542 0.5200723684210526 0.6431516393442623 0.5208866396761134 0.6651475409836065 0.5211584008097165 0.6849446721311475 0.5214301619433198 0.7047407786885246 0.5217014170040486 0.7195881147540983 0.5217014170040486 0.7327858606557377 0.5222444331983805 0.745983606557377 0.5268608299595142 0.7525829918032787 0.5303906882591093 0.7509334016393442
0 0.5466831983805669 0.7696301229508197 0.5526573886639676 0.706390368852459 0.5529286437246963 0.6904436475409836 0.5537434210526315 0.6810952868852459 0.5561872469635628 0.6656977459016393 0.5580880566801619 0.6530502049180328 0.558631072874494 0.6453514344262296 0.5602606275303644 0.632703893442623 0.5602606275303644 0.6217049180327868 0.5605318825910932 0.6162059426229508 0.5589028340080971 0.607407786885246 0.555915991902834 0.5986096311475411 0.5523856275303644 0.5953094262295082 0.5466831983805669 0.5920102459016394 0.5407095141700405 0.5942100409836065 0.5363648785425101 0.5986096311475411 0.534464068825911 0.6079579918032787 0.534464068825911 0.621155737704918 0.5358218623481782 0.6437018442622952 0.537450910931174 0.6563493852459016 0.5382656882591094 0.6673473360655738 0.5388087044534412 0.6761465163934426 0.5379939271255061 0.689343237704918 0.5377226720647773 0.703641393442623 0.5377226720647773 0.7157387295081967 0.5377226720647773 0.7234375000000001 0.5377226720647773 0.734436475409836 0.5379939271255061 0.7443340163934427 0.5393517206477733 0.7536823770491804 0.5401664979757085 0.7657807377049181 0.5423385627530365 0.7734795081967214 0.5447823886639677 0.7762284836065574
0 0.5651482793522267 0.799875 0.5716654858299596 0.7844774590163934 0.5743805668016195 0.7652305327868852 0.5768248987854251 0.7448842213114754 0.5770961538461539 0.7261875 0.5781821862348179 0.7135399590163934 0.580082995951417 0.6948432377049181 0.5822555668016195 0.6777961065573771 0.5836133603238867 0.660748975409836 0.5844276315789474 0.6437018442622952 0.5844276315789474 0.632703893442623 0.5844276315789474 0.6250051229508197 0.5838846153846154 0.6189559426229508 0.5798117408906883 0.610156762295082 0.5760101214574899 0.6063084016393442 0.5684068825910932 0.6052079918032787 0.5624326923076923 0.6046577868852459 0.558631072874494 0.6090573770491804 0.5570020242914979 0.6222551229508198 0.5583598178137652 0.6360030737704918 0.5597176113360324 0.6459016393442623 0.5608036437246963 0.6535993852459017 0.5610754048582995 0.6651475409836065 0.5605318825910932 0.6777961065573771 0.5591745951417004 0.6915430327868852 0.5578168016194333 0.6986926229508197 0.5578168016194333 0.706390368852459 0.5564590080971661 0.7267377049180328 0.5556442307692308 0.7338862704918033 0.555372975708502 0.7421352459016393 0.5556442307692308 0.7525829918032787 0.5570020242914979 0.7635809426229508 0.5589028340080971 0.7734795081967214 0.5599888663967612 0.7795286885245902 0.5613466599190283 0.7872274590163933 0.5624326923076923 0.7916260245901638
0 0.6083233805668017 0.6634979508196721 0.6037074898785425 0.638202868852459 0.6015349190283401 0.6277540983606558 0.5980050607287449 0.6140061475409836 0.5955612348178138 0.601358606557377 0.5920308704453442 0.5909108606557377 0.5855141700404859 0.5799129098360656 0.580082995951417 0.576063524590164 0.5735662955465587 0.5755133196721312 0.5697646761133603 0.5777131147540984 0.5675921052631578 0.587610655737705 0.5662343117408907 0.5964098360655737 0.5624326923076923 0.601358606557377 0.5613466599190283 0.610156762295082 0.5618896761133604 0.618405737704918 0.5654200404858299 0.6310532786885246 0.5684068825910932 0.6404016393442623 0.5703076923076924 0.6470010245901638 0.5732945344129554 0.6579989754098361 0.5760101214574899 0.6662479508196721 0.5776391700404858 0.6739467213114755 0.580082995951417 0.6832950819672131 0.5841563765182186 0.6948432377049181 0.5885010121457489 0.706390368852459 0.5920308704453442 0.7157387295081967 0.5966472672064776 0.7283872950819672 0.5982763157894737 0.7377356557377049 0.6020779352226721 0.7448842213114754 0.6066943319838056 0.751483606557377 0.6099529352226721 0.7542325819672131 0.6126685222672065 0.7580819672131148 0.6164701417004048 0.7602817622950819 0.6208147773279352 0.7646813524590164 0.6205430161943319 0.7580819672131148 0.6172844129554655 0.7410348360655737 0.6134827935222672 0.7223381147540983 0.6123967611336032 0.7140891393442623 0.612125 0.7058411885245901 0.6115819838056681 0.6953924180327868 0.611038967611336 0.6882438524590164 0.6102241902834009 0.678345286885246 0.6102241902834009 0.6750461065573771
0 0.504661943319838 0.4170338114754098 0.5005890688259109 0.44782889344262294 0.5008603238866397 0.47367418032786884 0.5005890688259109 0.49951946721311474 0.5014038461538461 0.5209661885245902 0.5014038461538461 0.5369129098360657 0.5014038461538461 0.5506608606557377 0.5016751012145749 0.5627592213114755 0.5054767206477733 0.5688073770491803 0.514165991902834 0.572656762295082 0.521497975708502 0.5743073770491803 0.5236700404858299 0.5704579918032787 0.5242130566801619 0.5578094262295082 0.5244848178137652 0.5407622950819672 0.5261138663967612 0.527015368852459 0.5291012145748988 0.5154672131147541 0.5291012145748988 0.5061188524590163 0.5288294534412956 0.4945706967213115 0.5285576923076923 0.4868719262295082 0.5266568825910931 0.4731239754098361 0.5258426113360324 0.45992622950819667 0.5247560728744939 0.45057786885245904 0.523127024291498 0.442328893442623 0.521497975708502 0.433530737704918 0.5198684210526315 0.4258319672131148 0.5168815789473684 0.41648360655737704 0.514165991902834 0.413734631147541 0.5087353238866397 0.4126342213114754 0.5054767206477733 0.4131844262295082
0 0.5329028340080972 0.5732653688524589 0.5399625506072874 0.5660584016393442 0.5440359311740891 0.5512110655737704 0.5451219635627531 0.5352633196721311 0.5470227732793522 0.5215163934426229 0.5483805668016194 0.5099682377049181 0.5491953441295546 0.49951946721311474 0.5486523279352227 0.4863217213114754 0.5467515182186236 0.46377561475409834 0.5459367408906882 0.44672848360655737 0.5440359311740891 0.42253278688524587 0.5426781376518219 0.40438627049180326 0.5418633603238866 0.39558709016393445 0.5350748987854251 0.39778688524590167 0.5304585020242915 0.4181331967213115 0.5280146761133603 0.453327868852459 0.5272004048582997 0.484672131147541 0.5272004048582997 0.5006198770491803 0.5272004048582997 0.512717213114754 0.5272004048582997 0.5259149590163934 0.5263856275303643 0.5363637295081967 0.5252995951417004 0.5462612704918033 0.5247560728744939 0.5572602459016394 0.5247560728744939 0.5644088114754099 0.5252995951417004 0.5710071721311475 0.5291012145748988 0.5748565573770491 0.531002024291498 0.5748565573770491 0.532631072874494 0.5748565573770491
0 0.5515713562753036 0.49492418032786883 0.5532682186234819 0.5187663934426229 0.5557120445344129 0.5385624999999999 0.5557120445344129 0.5534108606557377 0.5567985829959514 0.5605594262295082 0.5606002024291499 0.5622090163934427 0.5673886639676113 0.5622090163934427 0.5728193319838057 0.5589098360655738 0.5747201417004049 0.5440625 0.5755349190283401 0.5325143442622952 0.574991902834008 0.516016393442623 0.5744488866396762 0.49512090163934425 0.572548076923077 0.4692745901639344 0.5714615384615385 0.4500276639344262 0.5709185222672065 0.4373801229508196 0.5703755060728745 0.4181331967213115 0.5698324898785425 0.4104344262295082 0.5649448380566802 0.38788831967213117 0.5557120445344129 0.37359118852459017 0.5543542510121457 0.3730409836065574 0.5478375506072874 0.3856895491803279 0.5467515182186236 0.40328586065573774 0.545664979757085 0.4252827868852459 0.5475657894736842 0.46432581967213116 0.5486523279352227 0.4747735655737705 0.5494665991902834 0.4857715163934426 0.5502813765182186 0.4934702868852459 0.5513674089068825 0.4962202868852459
0 0.5929134615384616 0.4582766393442623 0.5907413967611337 0.48082274590163937 0.5893836032388664 0.498969262295082 0.5893836032388664 0.5132674180327869 0.5893836032388664 0.5253647540983606 0.5910126518218622 0.527015368852459 0.5956290485829959 0.527015368852459 0.6010597165991902 0.527015368852459 0.6043183198380567 0.5264651639344262 0.609205971659919 0.5330635245901639 0.6143653846153847 0.5380133196721312 0.6206108299595142 0.5435122950819672 0.6241411943319839 0.5407622950819672 0.6271280364372469 0.5336137295081967 0.6271280364372469 0.5231659836065574 0.626585020242915 0.507218237704918 0.6263132591093118 0.49512090163934425 0.6263132591093118 0.4830225409836066 0.626585020242915 0.4692745901639344 0.6268562753036436 0.4500276639344262 0.626585020242915 0.4274815573770492 0.626585020242915 0.41538422131147545 0.627671052631579 0.40053688524590164 0.6284858299595141 0.3928381147540984 0.6325587044534412 0.3515952868852459 0.6173522267206477 0.35049487704918036 0.6086629554655871 0.36149282786885245 0.6043183198380567 0.3774405737704918 0.6021457489878542 0.3917377049180328 0.6002454453441296 0.40878483606557375 0.5986158906882592 0.4230829918032787 0.5964438259109313 0.4373801229508196 0.5959003036437247 0.4461782786885246 0.595086032388664 0.4549774590163934
0 0.619796052631579 0.4598760245901639 0.6184387651821863 0.48522233606557374 0.6200678137651822 0.501719262295082 0.6233264170040486 0.5132674180327869 0.6254984817813765 0.5198657786885246 0.6279423076923077 0.5220655737704918 0.6322874493927126 0.5248155737704918 0.6398906882591093 0.5286649590163934 0.6453213562753036 0.5292141393442623 0.6515668016194333 0.5292141393442623 0.658084008097166 0.527015368852459 0.6648724696356275 0.5264651639344262 0.6673162955465587 0.5132674180327869 0.6686740890688259 0.5039190573770491 0.6684023279352226 0.4868719262295082 0.6670445344129554 0.47422438524590166 0.6643294534412955 0.4615758196721311 0.6624286437246963 0.4483780737704918 0.6616138663967611 0.43628073770491804 0.6605278340080971 0.4241823770491803 0.659713056680162 0.41648360655737704 0.659713056680162 0.4142838114754098 0.6561831983805668 0.3917377049180328 0.6545536437246963 0.379640368852459 0.6529245951417004 0.3631424180327869 0.6502090080971661 0.35049487704918036 0.6436918016194332 0.3350973360655738 0.6423345141700405 0.33344774590163934 0.6379898785425101 0.3488452868852459 0.6328304655870445 0.3658924180327869 0.6295718623481782 0.38073975409836064 0.6263132591093118 0.40108606557377047 0.6233264170040486 0.41978278688524595 0.6219686234817814 0.4302315573770492 0.6211538461538462 0.43848053278688526 0.6208825910931174 0.44507889344262297 0.6208825910931174 0.44947848360655734 0.6208825910931174 0.453327868852459 0.6195247975708502 0.45992622950819667
0 0.5817803643724696 0.5547110655737705 0.5869397773279351 0.5545102459016393 0.5915556680161943 0.5534108606557377 0.5948142712550608 0.5528606557377049 0.5978011133603239 0.5484610655737705 0.6005167004048584 0.5407622950819672 0.6016027327935223 0.5286649590163934 0.6018744939271256 0.5132674180327869 0.6013314777327935 0.4973196721311476 0.599701923076923 0.4797233606557377 0.5975298582995952 0.45992622950819667 0.5959003036437247 0.43518032786885247 0.594543016194332 0.41978278688524595 0.5939994939271255 0.4060358606557377 0.5923704453441295 0.38788831967213117 0.5907413967611337 0.37084118852459014 0.5899266194331984 0.3609436475409836 0.5896548582995951 0.3543442622950819 0.5866680161943321 0.3422469262295082 0.5779787449392713 0.34609631147540987 0.5741771255060729 0.35929405737704917 0.572548076923077 0.3939375 0.5741771255060729 0.4016362704918033 0.5744488866396762 0.41098463114754097 0.5744488866396762 0.4219825819672131 0.5739053643724696 0.4357305327868853 0.5739053643724696 0.44727868852459013 0.5736341093117409 0.45662704918032787 0.5739053643724696 0.46597540983606556 0.5739053643724696 0.4753237704918033 0.5739053643724696 0.48852151639344266 0.5744488866396762 0.49951946721311474 0.574991902834008 0.5105174180327868 0.5763491902834008 0.5231659836065574 0.577706983805668 0.5374631147540984 0.577706983805668 0.5435122950819672 0.577706983805668 0.5457120901639344
0 0.34274595141700404 0.6769979508196722 0.3464944331983806 0.6729579918032788 0.35114777327935226 0.6638831967213116 0.3540774291497976 0.6548094262295082 0.3561457489878543 0.643640368852459 0.35821406882591095 0.6338688524590164 0.3607990890688259 0.6258411885245901 0.3630394736842105 0.6213043032786886 0.3676928137651822 0.611531762295082 0.37079504048582995 0.6042018442622951 0.37355212550607286 0.5968729508196722 0.3780334008097166 0.587798155737705 0.380790991902834 0.5818657786885245 0.3830313765182186 0.574186475409836 0.3845824898785425 0.5672069672131148 0.38475455465587044 0.5581321721311475 0.3838927125506073 0.5508032786885245 0.3835480769230769 0.5448698770491803 0.38148026315789474 0.5424262295081967 0.3778608299595142 0.5424262295081967 0.3747586032388664 0.5438227459016393 0.3720015182186235 0.5445204918032787 0.3699331983805668 0.538936475409836 0.3682095141700405 0.5330030737704918 0.36527985829959514 0.5270696721311475 0.3623502024291498 0.5204385245901639 0.35821406882591095 0.515203893442623 0.35356072874493927 0.5138073770491803 0.3501138663967612 0.514156762295082 0.34494331983805665 0.5204385245901639 0.34218623481781374 0.5270696721311475 0.3406351214574899 0.5333524590163935 0.3385668016194332 0.5455676229508197 0.33787753036437246 0.5535952868852458 0.33736032388663967 0.5616229508196722 0.3368436234817814 0.569998975409836 0.3358092105263158 0.577327868852459 0.3339134615384615 0.5839590163934426 0.3309838056680162 0.5951280737704918 0.32874342105263155 0.6038534836065573 0.3237454453441296 0.6160686475409837 0.3211604251012146 0.6230491803278688 0.3182302631578947 0.6307274590163935 0.31564524291497975 0.6405000000000001 0.3153006072874494 0.6460840163934426 0.3178856275303644 0.6555071721311475 0.32219433198380565 0.6576014344262294 0.3273643724696356 0.6513186475409836 0.3330521255060729 0.636311475409836 0.33511993927125505 0.6310758196721311 0.33839473684210525 0.6240963114754099 0.341669028340081 0.6185112704918033 0.3451158906882591 0.6118801229508197 0.3459777327935223 0.6104846311475409 0.346667004048583 0.6108329918032787 0.34752884615384616 0.6268883196721311 0.3464944331983806 0.6331700819672131 0.34373734817813767 0.6398012295081967 0.33977327935222673 0.6492254098360656 0.3358092105263158 0.6582991803278688 0.3339134615384615 0.6642325819672131 0.3325349190283401 0.6733073770491803 0.332706983805668 0.6760993852459017 0.3349478744939271 0.677844262295082 0.33822216599190286 0.6785420081967213 0.3404625506072875 0.6785420081967213