0 0.39124342105263155 0.47703073770491805 0.3927616396761133 0.4949610655737705 0.39073734817813766 0.5108422131147541 0.3932677125506073 0.5292848360655737 0.39984665991902835 0.5333831967213115 0.4135106275303644 0.5303094262295082 0.41654706477732795 0.5149405737704918 0.4175592105263158 0.4565389344262295 0.4211017206477733 0.4483422131147541 0.42059564777327935 0.37764549180327867 0.41806528340080973 0.3469077868852459 0.4140167004048583 0.3315389344262295 0.40237702429149796 0.3387110655737705 0.3993405870445344 0.3469077868852459
0 0.4458502024291498 0.44672131147540983 0.44534412955465585 0.5204918032786885 0.4549595141700405 0.5420081967213115 0.4590080971659919 0.5440573770491803 0.4691295546558704 0.5286885245901639 0.47469635627530365 0.5122950819672131 0.4767206477732793 0.4979508196721312 0.46153846153846156 0.35963114754098363 0.45394736842105265 0.36065573770491804 0.45394736842105265 0.3668032786885246 0.4498987854251012 0.36885245901639346 0.4478744939271255 0.38422131147540983 0.4498987854251012 0.39241803278688525 0.44686234817813764 0.39959016393442626 0.45040485829959515 0.4077868852459016 0.44686234817813764 0.4149590163934426
0 0.5809716599190283 0.3555327868852459 0.576417004048583 0.44364754098360654 0.569838056680162 0.48770491803278687 0.5703441295546559 0.5112704918032787 0.5728744939271255 0.5215163934426229 0.5895748987854251 0.5266393442622951 0.5951417004048583 0.5235655737704918 0.5991902834008097 0.5102459016393442 0.5996963562753036 0.48463114754098363 0.59665991902834 0.4354508196721312 0.5986842105263158 0.39241803278688525 0.59665991902834 0.35655737704918034 0.5915991902834008 0.3463114754098361 0.5860323886639676 0.3452868852459016 0.583502024291498 0.3452868852459016
0 0.6017206477732794 0.47848360655737704 0.6007085020242915 0.5020491803278688 0.604757085020243 0.5204918032786885 0.618421052631579 0.5276639344262295 0.6234817813765182 0.5276639344262295 0.6270242914979757 0.5225409836065574 0.6290485829959515 0.5112704918032787 0.6265182186234818 0.48565573770491804 0.6325910931174089 0.38934426229508196 0.632085020242915 0.33299180327868855 0.6270242914979757 0.3135245901639344 0.6224696356275303 0.3206967213114754 0.617914979757085 0.3391393442622951 0.6072874493927125 0.45081967213114754
0 0.6356275303643725 0.36475409836065575 0.6325910931174089 0.4354508196721312 0.6265182186234818 0.5020491803278688 0.6325910931174089 0.514344262295082 0.6508097165991903 0.5235655737704918 0.6578947368421053 0.507172131147541 0.6553643724696356 0.4344262295081967 0.6558704453441295 0.3770491803278688 0.6497975708502024 0.36065573770491804 0.6492914979757085 0.3524590163934426 0.6427125506072875 0.3432377049180328 0.6391700404858299 0.3452868852459016
0 0.5334008097165992 0.47540983606557374 0.5328947368421053 0.514344262295082 0.534919028340081 0.5358606557377049 0.5561740890688259 0.5389344262295082 0.5652834008097166 0.5286885245901639 0.5678137651821862 0.5174180327868853 0.5652834008097166 0.444672131147541 0.569838056680162 0.3729508196721312 0.5652834008097166 0.3422131147540984 0.5602226720647774 0.32889344262295084 0.548582995951417 0.33094262295081966 0.5445344129554656 0.3442622950819672 0.541497975708502 0.3719262295081967 0.5430161943319838 0.38524590163934425 0.5379554655870445 0.41290983606557374 0.5374493927125507 0.45184426229508196
0 0.5060728744939271 0.35758196721311475 0.5045546558704453 0.4026639344262295 0.5060728744939271 0.4456967213114754 0.5025303643724697 0.4713114754098361 0.5010121457489879 0.5276639344262295 0.5055668016194332 0.5379098360655737 0.5126518218623481 0.5430327868852459 0.5263157894736842 0.5409836065573771 0.5334008097165992 0.5297131147540983 0.5293522267206477 0.45594262295081966 0.5288461538461539 0.42110655737704916 0.5303643724696356 0.41188524590163933 0.5237854251012146 0.3350409836065574 0.5217611336032388 0.32172131147540983 0.5172064777327935 0.3114754098360656 0.5086032388663968 0.32581967213114754
0 0.4225708502024291 0.3862704918032787 0.42206477732793524 0.4395491803278688 0.416497975708502 0.48770491803278687 0.416497975708502 0.5235655737704918 0.41953441295546556 0.5338114754098361 0.4240890688259109 0.5379098360655737 0.43876518218623484 0.5276639344262295 0.444331983805668 0.5153688524590164 0.44686234817813764 0.4948770491803279 0.444331983805668 0.47540983606557374 0.4407894736842105 0.36270491803278687 0.43724696356275305 0.35040983606557374 0.4347165991902834 0.34938524590163933 0.42813765182186236 0.35655737704918034
0 0.3942307692307692 0.3668032786885246 0.3972672064777328 0.4364754098360656 0.38917004048583 0.5112704918032787 0.39625506072874495 0.5194672131147541 0.3967611336032389 0.5307377049180327 0.39473684210526316 0.5327868852459017 0.40030364372469635 0.5368852459016393 0.4144736842105263 0.5235655737704918 0.41700404858299595 0.5133196721311475 0.4144736842105263 0.4805327868852459 0.4149797570850202 0.38524590163934425 0.4144736842105263 0.3719262295081967 0.4073886639676113 0.35450819672131145 0.39878542510121456 0.35450819672131145
0 0.3215652834008097 0.4487407786885246 0.3222813765182186 0.4101475409836065 0.32548380566801616 0.3777387295081967 0.33309008097165993 0.3582930327868853 0.3458997975708502 0.36558504098360656 0.35430617408906884 0.3858411885245902 0.35310526315789476 0.4295922131147541 0.3471007085020243 0.46119057377049183 0.33309008097165993 0.44984733606557376 0.32428289473684213 0.44984733606557376
0 0.3583092105263158 0.47334323770491804 0.35510678137651824 0.4360737704918033 0.3555070850202429 0.412577868852459 0.360711032388664 0.39637397540983604 0.3667155870445344 0.38746106557377047 0.3743218623481781 0.38746106557377047 0.38272823886639673 0.4020450819672131 0.38593066801619436 0.42878176229508197 0.38513006072874495 0.45632889344262295 0.38272823886639673 0.47334323770491804 0.37952580971659916 0.48063524590163936 0.37232034412955467 0.48063524590163936
0 0.3519043522267207 0.6572612704918033 0.35230465587044535 0.5843422131147541 0.35310526315789476 0.5438319672131148 0.35310526315789476 0.5251967213114754 0.360711032388664 0.5138545081967213 0.3691174089068826 0.5106137295081967 0.3807267206477733 0.5195256147540984 0.3899337044534413 0.5162848360655737 0.395537955465587 0.5243872950819672 0.394337044534413 0.5430215163934426 0.38352884615384614 0.6524006147540984 0.38432945344129554 0.6694149590163935 0.37672368421052627 0.6613125000000001 0.37352125506072875 0.6410573770491803 0.3703188259109312 0.6240430327868853 0.3667155870445344 0.6232325819672131 0.36351315789473687 0.6361967213114754 0.360711032388664 0.6524006147540984 0.3579089068825911 0.6605030737704918
0 0.3895334008097166 0.6289047131147542 0.3919352226720648 0.6045983606557377 0.3919352226720648 0.5956854508196722 0.3971391700404858 0.5924446721311475 0.40434463562753037 0.5940655737704919 0.4099493927125506 0.5956854508196722 0.4127515182186235 0.5964959016393442 0.41515334008097166 0.6118903688524591 0.41355212550607284 0.6232325819672131 0.41315182186234817 0.6337653688524589 0.41034969635627533 0.6410573770491803 0.40714676113360326 0.644298155737705 0.40434463562753037 0.6305245901639345 0.3983400809716599 0.6345758196721312 0.394337044534413 0.6394375 0.3915349190283401 0.6402469262295082
0 0.4359691295546559 0.6969620901639344 0.4311654858299595 0.6410573770491803 0.4323663967611336 0.6183719262295081 0.4323663967611336 0.5989262295081967 0.42836336032388667 0.5811014344262295 0.42876366396761134 0.5657079918032787 0.4407727732793522 0.555985655737705 0.4503805668016194 0.5535543032786885 0.4555845141700405 0.5567950819672132 0.457586032388664 0.5762407786885245 0.4547839068825911 0.5916342213114754 0.4499802631578947 0.6183719262295081 0.4471776315789474 0.6524006147540984 0.44517611336032387 0.6758965163934426 0.44197368421052635 0.6961516393442623
0 0.46834514170040487 0.6981762295081967 0.4627408906882591 0.6139139344262294 0.4619402834008097 0.5977100409836066 0.4611396761133603 0.5790747950819672 0.46914574898785427 0.5644907786885246 0.47555111336032385 0.5539579918032786 0.4851584008097166 0.5588196721311476 0.48876113360323886 0.5701618852459016 0.4903623481781377 0.5944682377049181 0.491162955465587 0.617154713114754 0.4903623481781377 0.660905737704918 0.4867596153846154 0.7062776639344263 0.4803547570850203 0.7362561475409837 0.47074696356275303 0.7346352459016393 0.46554301619433197 0.7095184426229508 0.4675445344129555 0.6868329918032787
0 0.5023714574898785 0.6584754098360656 0.49836842105263157 0.6252571721311475 0.491162955465587 0.6009508196721312 0.48916143724696354 0.5790747950819672 0.4915632591093117 0.5653012295081967 0.4971675101214575 0.56125 0.5015708502024292 0.56125 0.5071751012145749 0.5555788934426229 0.5103775303643725 0.5555788934426229 0.5139807692307692 0.5636803278688525 0.514381072874494 0.5766444672131147 0.5147813765182186 0.6082428278688524 0.5163825910931173 0.6455122950819672 0.5199853238866396 0.6706290983606558 0.5199853238866396 0.6916946721311475 0.514381072874494 0.6933145491803279 0.5087763157894737 0.6819713114754099 0.5039726720647774 0.6649569672131148
0 0.5196057692307692 0.6066905737704918 0.5151816801619433 0.5815051229508197 0.5135804655870445 0.5636803278688525 0.519585020242915 0.56125 0.5267904858299596 0.5644907786885246 0.5331953441295547 0.5628709016393443 0.5351968623481781 0.578264344262295 0.5351968623481781 0.6058114754098362 0.5371983805668016 0.6398401639344262 0.5400005060728744 0.6690081967213115 0.5408011133603239 0.6933145491803279 0.5323947368421053 0.694125 0.5283917004048584 0.6803514344262296 0.5255895748987854 0.6528043032786884 0.5207859311740891 0.6276875000000001
0 0.5371093117408907 0.5601157786885246 0.5471801619433199 0.557201844262295 0.5567874493927125 0.5539610655737706 0.5595895748987855 0.5806987704918032 0.5655941295546559 0.6187786885245902 0.5687965587044534 0.6544272540983607 0.5707980769230769 0.6811649590163934 0.5619913967611335 0.6819743852459016 0.5567874493927125 0.6754928278688525 0.5471801619433199 0.6495665983606557 0.5411756072874494 0.6268801229508197 0.5363714574898785 0.5993329918032786 0.5355708502024291 0.5685450819672131
0 0.5596138663967611 0.5530276639344263 0.5725794534412955 0.5533565573770493 0.585789979757085 0.5582182377049181 0.5889924089068825 0.5703709016393442 0.589793016194332 0.584954918032787 0.5933957489878542 0.6100717213114754 0.5961978744939271 0.6351875 0.5998006072874493 0.6603043032786885 0.6022024291497976 0.6789395491803278 0.6030030364372471 0.6935235655737705 0.5965981781376518 0.6959538934426229 0.589793016194332 0.6862315573770491 0.580586032388664 0.6667858606557377 0.5725794534412955 0.6343780737704918 0.5689767206477733 0.6060204918032787 0.5649736842105263 0.5809036885245902 0.5617712550607287 0.563078893442623
0 0.6031224696356275 0.6228903688524591 0.5973987854251013 0.6003493852459016 0.5933957489878542 0.5752325819672132 0.5921948380566802 0.5565973360655738 0.6006012145748988 0.5484948770491803 0.6074063765182186 0.5541670081967213 0.615412955465587 0.5549774590163935 0.6186153846153847 0.5622684426229508 0.6186153846153847 0.5865747950819672 0.6194159919028339 0.6278965163934426 0.620616902834008 0.6513924180327869 0.6222181174089069 0.6846106557377049 0.6226184210526317 0.7105379098360656 0.6142120445344129 0.6967643442622952 0.6090075910931173 0.6829907786885246 0.604203947368421 0.6586844262295082 0.6034033400809716 0.6343780737704918
0 0.6613152834008097 0.582733606557377 0.6625161943319838 0.637827868852459 0.6665197368421052 0.671047131147541 0.6725242914979757 0.6888719262295082 0.6801300607287449 0.6880614754098361 0.6797297570850203 0.6653749999999999 0.6789291497975709 0.6435000000000001 0.6769276315789473 0.6037991803278688 0.6777282388663968 0.5924559426229508 0.6709230769230768 0.5819241803278689
0 0.6616346153846154 0.506452868852459 0.6713233805668016 0.5041434426229509 0.6777282388663968 0.5009026639344262 0.6785288461538461 0.48388831967213114 0.6741255060728745 0.45715061475409835 0.6717236842105263 0.43203483606557375 0.6689215587044535 0.39557479508196725 0.6665197368421052 0.35992520491803276 0.662115890688259 0.3526331967213115 0.6573122469635627 0.36559733606557376 0.6545101214574899 0.4028668032786885 0.6581128542510122 0.45147950819672134 0.6549104251012146 0.48145696721311476 0.6565116396761134 0.5025225409836065
0 0.7246472672064778 0.486202868852459 0.7453805668016195 0.4247428278688524 0.7501842105263158 0.41664036885245903 0.7565890688259109 0.4239323770491803 0.7601918016194331 0.4425676229508197 0.7677975708502024 0.45553073770491803 0.7726012145748988 0.4644426229508197 0.7838097165991903 0.4871290983606557 0.7902150809716598 0.4952305327868853 0.7982211538461539 0.5090051229508197 0.7978208502024291 0.5430338114754099 0.7818081983805668 0.5632889344262295 0.771 0.5705809426229508 0.7637945344129555 0.5632889344262295 0.7577899797570851 0.5487049180327869 0.7533866396761134 0.5365522540983606 0.741377024291498 0.5203473360655737 0.7329706477732794 0.510625 0.7281670040485829 0.5033329918032787
0 0.6956411943319838 0.6431403688524591 0.6901376518218624 0.5956977459016393 0.685334008097166 0.5689600409836065 0.6749261133603239 0.5446536885245902 0.6677206477732793 0.5227786885245902 0.6681209514170041 0.5073842213114754 0.6741255060728745 0.4936106557377049 0.6825318825910931 0.4936106557377049 0.6873355263157894 0.48064754098360657 0.6921391700404858 0.48064754098360657 0.6973431174089069 0.483077868852459 0.7061503036437248 0.4871290983606557 0.7125551619433198 0.48793954918032784 0.7177591093117408 0.4960409836065574 0.7185597165991903 0.5138657786885246 0.7221624493927126 0.543843237704918 0.7221624493927126 0.5754415983606557 0.7285673076923076 0.6151424180327869 0.7277667004048584 0.6337776639344262 0.7217621457489879 0.6386383196721311 0.7169585020242916 0.626485655737705 0.7145566801619433 0.6078504098360655 0.7125551619433198 0.5948872950819672 0.704549089068826 0.5746321721311476 0.698544028340081 0.587595286885246 0.698544028340081 0.6013688524590164 0.7013461538461538 0.6313463114754098 0.7013461538461538 0.6524118852459017