0 0.46558704453441296 0.3760245901639344 0.4625506072874494 0.39241803278688525 0.46305668016194335 0.5389344262295082 0.4665991902834008 0.5614754098360656 0.48026315789473684 0.5655737704918032 0.48785425101214575 0.5604508196721312 0.4893724696356275 0.5543032786885246 0.48785425101214575 0.5010245901639344 0.4817813765182186 0.4600409836065574 0.4812753036437247 0.4262295081967213 0.47469635627530365 0.3760245901639344 0.4706477732793522 0.3719262295081967
0 0.4908906882591093 0.3862704918032787 0.49038461538461536 0.5327868852459017 0.4924089068825911 0.555327868852459 0.4984817813765182 0.5614754098360656 0.520748987854251 0.5563524590163934 0.521255060728745 0.5256147540983607 0.5151821862348178 0.4354508196721312 0.5055668016194332 0.36065573770491804 0.4944331983805668 0.36065573770491804
0 0.5232793522267206 0.36270491803278687 0.5227732793522267 0.5522540983606558 0.5490890688259109 0.5543032786885246 0.5531376518218624 0.5491803278688525 0.5531376518218624 0.5112704918032787 0.5445344129554656 0.3944672131147541 0.5328947368421053 0.3483606557377049 0.5258097165991903 0.34938524590163933
0 0.4331983805668016 0.38831967213114754 0.4311740890688259 0.41700819672131145 0.4331983805668016 0.5491803278688525 0.4423076923076923 0.5717213114754098 0.4509109311740891 0.5727459016393442 0.45546558704453444 0.5676229508196722 0.4605263157894737 0.5522540983606558 0.4610323886639676 0.5112704918032787 0.4519230769230769 0.4180327868852459 0.4438259109311741 0.38114754098360654 0.4418016194331984 0.375 0.4367408906882591 0.3729508196721312
0 0.409919028340081 0.4077868852459016 0.409919028340081 0.5573770491803278 0.41346153846153844 0.5676229508196722 0.42105263157894735 0.5706967213114754 0.4357287449392713 0.5491803278688525 0.43370445344129555 0.492827868852459 0.4240890688259109 0.39549180327868855 0.4200404858299595 0.3831967213114754 0.4124493927125506 0.39651639344262296
0 0.3937246963562753 0.39549180327868855 0.3841093117408907 0.5368852459016393 0.3876518218623482 0.5491803278688525 0.3967611336032389 0.5604508196721312 0.4084008097165992 0.5532786885245902 0.41295546558704455 0.5358606557377049 0.41295546558704455 0.5194672131147541 0.4073886639676113 0.39651639344262296 0.4018218623481781 0.38422131147540983 0.3982793522267207 0.38524590163934425
0 0.354251012145749 0.4036885245901639 0.34463562753036436 0.5215163934426229 0.35020242914979755 0.5389344262295082 0.3765182186234818 0.5399590163934426 0.3841093117408907 0.5286885245901639 0.3851214574898785 0.4918032786885246 0.3800607287449393 0.4036885245901639 0.37550607287449395 0.36885245901639346 0.37196356275303644 0.36577868852459017 0.3598178137651822 0.3698770491803279
0 0.3066801619433198 0.48668032786885246 0.3061740890688259 0.5010245901639344 0.3102226720647773 0.5122950819672131 0.32945344129554655 0.5245901639344263 0.33805668016194335 0.5215163934426229 0.3426113360323887 0.514344262295082 0.340080971659919 0.3719262295081967 0.3350202429149798 0.35758196721311475 0.3259109311740891 0.35758196721311475 0.32186234817813764 0.36475409836065575
0 0.2616396761133603 0.4702868852459016 0.2616396761133603 0.4969262295081967 0.26720647773279355 0.5040983606557377 0.29200404858299595 0.5184426229508197 0.29605263157894735 0.5184426229508197 0.3006072874493927 0.5112704918032787 0.30465587044534415 0.4959016393442623 0.30465587044534415 0.4723360655737705 0.31275303643724695 0.3831967213114754 0.3102226720647773 0.35348360655737704 0.29453441295546556 0.35348360655737704 0.284919028340081 0.35963114754098363 0.2768218623481781 0.42520491803278687
0 0.5587044534412956 0.4026639344262295 0.5592105263157895 0.4610655737704918 0.555161943319838 0.5081967213114754 0.555668016194332 0.548155737704918 0.5566801619433198 0.5512295081967213 0.5723684210526315 0.5502049180327869 0.5789473684210527 0.5409836065573771 0.5809716599190283 0.5153688524590164 0.5769230769230769 0.4026639344262295 0.5718623481781376 0.36475409836065575 0.5688259109311741 0.36065573770491804 0.5632591093117408 0.3637295081967213 0.5612348178137652 0.3709016393442623
0 0.395748987854251 0.6885245901639344 0.39625506072874495 0.7366803278688525 0.40030364372469635 0.7479508196721312 0.4048582995951417 0.7489754098360656 0.4342105263157895 0.610655737704918 0.43623481781376516 0.5952868852459017 0.43218623481781376 0.5870901639344263 0.4240890688259109 0.5788934426229508 0.40789473684210525 0.5829918032786885 0.40384615384615385 0.6045081967213115 0.40384615384615385 0.6290983606557377
0 0.42813765182186236 0.6547131147540983 0.4271255060728745 0.7284836065573771 0.4347165991902834 0.7510245901639344 0.43876518218623484 0.7510245901639344 0.4458502024291498 0.7254098360655737 0.4590080971659919 0.6188524590163934 0.4559716599190283 0.5932377049180327 0.44534412955465585 0.5850409836065574 0.4331983805668016 0.5911885245901639 0.43016194331983804 0.6055327868852459
0 0.458502024291498 0.6024590163934426 0.45799595141700405 0.7223360655737705 0.4605263157894737 0.7448770491803278 0.4676113360323887 0.7530737704918032 0.4782388663967611 0.7438524590163934 0.48228744939271256 0.6895491803278688 0.4832995951417004 0.6055327868852459 0.4817813765182186 0.5963114754098361 0.4726720647773279 0.5840163934426229 0.46153846153846156 0.5870901639344263
0 0.48857945344129555 0.7055481557377049 0.4841002024291498 0.6342725409836065 0.48601973684210525 0.5863237704918032 0.48825961538461543 0.5779006147540983 0.5020182186234818 0.5727172131147541 0.5096968623481781 0.5759569672131147 0.5052176113360324 0.6264969262295083 0.502338056680162 0.6977725409836065 0.500418016194332 0.7301700819672131
0 0.2531685222672065 0.5499723360655738 0.267167004048583 0.5455020491803279 0.2882844129554656 0.5461506147540983 0.3036427125506073 0.5519825819672132 0.30812196356275307 0.5558698770491803 0.30428238866396756 0.5707725409836065 0.30236285425101217 0.5830840163934427 0.301082995951417 0.5979866803278688 0.30300253036437247 0.6122418032786885 0.30428238866396756 0.6245532786885245 0.30300253036437247 0.6407520491803279 0.299162955465587 0.6511198770491804 0.29276366396761133 0.6537110655737706 0.28444483805668014 0.6498237704918032 0.27836538461538457 0.643344262295082 0.27260627530364373 0.6368647540983607 0.2646072874493927 0.6329764344262295 0.25724797570850205 0.6316813524590164 0.24892914979757086 0.6290891393442622 0.24285020242914981 0.6258493852459016 0.24029048582995952 0.6180737704918033 0.2396503036437247 0.6057622950819672 0.24668977732793523 0.5973391393442623 0.25148886639676116 0.5973391393442623 0.2569281376518219 0.5953954918032787 0.2604478744939271 0.5895635245901639 0.25788815789473685 0.5791967213114755 0.25148886639676116 0.570125 0.24860931174089068 0.5636454918032787 0.2476492914979757 0.559109631147541 0.2505288461538462 0.5526301229508196 0.2537287449392713 0.5500379098360656
0 0.3164407894736842 0.5370788934426229 0.31388107287449396 0.5623493852459016 0.3116417004048583 0.5766045081967213 0.30972165991902834 0.5986352459016394 0.3078021255060729 0.6187213114754098 0.30428238866396756 0.6355686475409836 0.30236285425101217 0.6550071721311476 0.299162955465587 0.6679661885245901 0.2972434210526316 0.683517418032787 0.2994827935222672 0.6912930327868853 0.30492257085020247 0.6912930327868853 0.30876163967611336 0.683517418032787 0.3110015182186235 0.6731506147540983 0.3151609311740891 0.6588954918032787 0.3183608299595142 0.6472315573770492 0.3244397773279352 0.6368647540983607 0.32571963562753037 0.6407520491803279 0.31804048582995953 0.6595430327868853 0.31452125506072875 0.6744456967213115 0.3126012145748988 0.683517418032787 0.3186806680161943 0.6945327868852459 0.32411993927125504 0.6880532786885245 0.3285991902834008 0.6776854508196721 0.33467864372469636 0.6627827868852458 0.3391578947368421 0.6465840163934427 0.3417176113360324 0.6362161885245902 0.3449175101214575 0.6219610655737705 0.3471568825910931 0.6122418032786885 0.3506766194331984 0.5999313524590164 0.35195647773279354 0.5947469262295082 0.35675607287449396 0.5837315573770492 0.3586756072874494 0.579844262295082 0.35995546558704455 0.5753084016393443 0.36059564777327935 0.568828893442623 0.3602753036437247 0.5584620901639344 0.3583557692307692 0.5455020491803279 0.3564357287449393 0.5448545081967213 0.3513168016194332 0.5448545081967213 0.34587702429149797 0.5455020491803279 0.34363765182186234 0.5455020491803279 0.34075809716599187 0.5390225409836066 0.3375581983805668 0.5338391393442623 0.3327591093117409 0.5318954918032787 0.3285991902834008 0.5318954918032787 0.32411993927125504 0.5370788934426229 0.3218800607287449 0.5416147540983607 0.31804048582995953 0.5435584016393443
0 0.3439574898785425 0.6925891393442623 0.35003694331983803 0.6627827868852458 0.3535561740890688 0.6485276639344262 0.3580359311740891 0.621313524590164 0.3586756072874494 0.5960430327868853 0.3586756072874494 0.582436475409836 0.3583557692307692 0.5668852459016394 0.3615551619433198 0.5604057377049181 0.36571457489878545 0.559109631147541 0.3679544534412955 0.5539262295081967 0.3711543522267206 0.5474467213114754 0.37467358299595144 0.5448545081967213 0.3772332995951417 0.5448545081967213 0.3810728744939271 0.5474467213114754 0.3874721659919028 0.5558698770491803 0.39163157894736844 0.5571659836065573 0.396751012145749 0.5584620901639344 0.4044301619433198 0.5584620901639344 0.40858957489878545 0.559109631147541 0.4108294534412955 0.5662366803278689 0.41178896761133604 0.5766045081967213 0.40922925101214574 0.593451844262295 0.40475 0.6051147540983607 0.3989908906882591 0.6154815573770492 0.39451113360323886 0.6284415983606558 0.389712044534413 0.6491762295081968 0.38843218623481784 0.6595430327868853 0.3865121457489879 0.6763903688524591 0.3842722672064777 0.6964764344262295 0.38203289473684215 0.7120276639344262 0.378832995951417 0.7230430327868853 0.37435374493927126 0.7327622950819672 0.3679544534412955 0.7372981557377049 0.36539473684210527 0.7347059426229507 0.36347520242914977 0.7282264344262296 0.36347520242914977 0.7172110655737706 0.36603491902834007 0.7029559426229508 0.3705141700404858 0.6854610655737705 0.3737140688259109 0.6718545081967213 0.37531376518218623 0.6595430327868853 0.36923431174089066 0.6524159836065574 0.36859463562753036 0.655655737704918 0.36571457489878545 0.6692622950819672 0.3618755060728745 0.6841659836065573 0.3580359311740891 0.7003647540983607 0.3570759109311741 0.7133237704918032 0.3554762145748988 0.7230430327868853 0.3529164979757085 0.7262827868852458 0.34651720647773276 0.7165635245901639 0.34331781376518217 0.7074918032786884 0.3410779352226721 0.6984200819672132 0.34299746963562755 0.6925891393442623
0 0.502338056680162 0.5872202868852459 0.5076973684210526 0.5652694672131148 0.5195359311740891 0.5555491803278688 0.5224154858299594 0.5678606557377048 0.5220956477732794 0.588595286885246 0.5227353238866397 0.6138657786885247 0.5236953441295547 0.6378401639344262 0.52529504048583 0.6624631147540984 0.5275349190283402 0.6825491803278688 0.5268947368421053 0.7065235655737705 0.5217753036437247 0.7097633196721312 0.5140966599190283 0.6961567622950819 0.5076973684210526 0.6637581967213114 0.5067373481781376 0.6449682377049181 0.5038577935222672 0.611922131147541
0 0.544492914979757 0.6080338114754099 0.5448127530364372 0.6378401639344262 0.5448127530364372 0.6579272540983606 0.5448127530364372 0.6812530737704918 0.5438527327935223 0.7078196721311475 0.5428927125506073 0.7188350409836065 0.5393734817813765 0.7207786885245901 0.534254048582996 0.7045799180327869 0.5313744939271255 0.6883811475409837 0.5288147773279352 0.6695901639344262 0.5278547570850202 0.6546875 0.5265748987854251 0.6371926229508197 0.5259352226720648 0.6222889344262296 0.5249752024291499 0.611922131147541 0.5249752024291499 0.599610655737705 0.52529504048583 0.5931311475409836 0.5259352226720648 0.5853555327868852 0.5268947368421053 0.5756362704918033 0.5284949392712551 0.5704528688524589 0.5316943319838057 0.5646209016393443 0.5361735829959514 0.5600850409836066 0.5409731781376518 0.5581413934426229 0.5457727732793521 0.5568452868852459 0.5499321862348178 0.5587899590163935 0.550252024291498 0.5659170081967213 0.549292004048583 0.5769323770491803 0.5470526315789475 0.5827643442622951 0.5457727732793521 0.5872991803278688 0.5464124493927126 0.5872991803278688 0.5448127530364372 0.6080338114754099
0 0.5499321862348178 0.5783135245901639 0.5585708502024292 0.5814682377049181 0.567210020242915 0.5840594262295082 0.5697697368421053 0.6015543032786885 0.5656103238866397 0.6268247950819672 0.5659301619433198 0.6553350409836065 0.5633704453441296 0.6870850409836066 0.5608107287449393 0.7110594262295082 0.559211032388664 0.7175389344262295 0.5515318825910931 0.7045799180327869 0.5489721659919028 0.6877325819672131 0.5496123481781378 0.653391393442623 0.5457727732793521 0.6300645491803278 0.544492914979757 0.602202868852459 0.5454524291497976 0.5814682377049181 0.5496123481781378 0.5788760245901639
0 0.5707292510121458 0.5905389344262295 0.5755288461538461 0.5743401639344262 0.5838476720647773 0.5736926229508197 0.5918466599190284 0.5801721311475411 0.5969660931174089 0.599610655737705 0.6008056680161943 0.6281209016393443 0.6030455465587045 0.6566311475409836 0.6043254048582996 0.6981004098360656 0.6049650809716599 0.7285543032786885 0.6049650809716599 0.7525286885245901 0.6004858299595142 0.760951844262295 0.5924868421052631 0.7583606557377048 0.5873674089068825 0.7492889344262296 0.5825678137651822 0.727906762295082 0.5771285425101215 0.6896772540983607 0.5745688259109312 0.6559836065573771 0.5710495951417004 0.6209938524590164 0.5697697368421053 0.6015543032786885
0 0.5931265182186235 0.5953176229508197 0.5985662955465587 0.5879477459016393 0.6046452429149798 0.5769323770491803 0.6094448380566801 0.5723965163934426 0.616163967611336 0.5762838114754099 0.6212834008097166 0.5840594262295082 0.6248026315789473 0.5957233606557377 0.6276826923076922 0.6106260245901639 0.6283223684210527 0.6300645491803278 0.630241902834008 0.6495030737704918 0.6318421052631579 0.6715338114754099 0.6344018218623482 0.7006926229508197 0.6363213562753037 0.7214272540983607 0.6388810728744939 0.7434569672131148 0.6376012145748988 0.7551209016393443 0.6292823886639676 0.7473452868852459 0.6241629554655871 0.7330901639344262 0.6177636639676114 0.7110594262295082 0.6139240890688259 0.6916209016393443 0.6104043522267207 0.6689426229508197 0.6072049595141701 0.6482079918032786 0.6056052631578946 0.6313606557377048 0.6008056680161943 0.624233606557377 0.5956862348178138 0.6203452868852459 0.5928066801619433 0.6099784836065575 0.5918466599190284 0.600906762295082 0.5934468623481781 0.5937786885245901
0 0.6211234817813764 0.5791229508196721 0.6235227732793521 0.5698043032786886 0.630241902834008 0.5633247950819672 0.6398410931174089 0.5652694672131148 0.6443203441295546 0.5685092213114754 0.6503997975708502 0.5704528688524589 0.6529595141700405 0.5782284836065574 0.653919028340081 0.5911875 0.6574387651821862 0.6138657786885247 0.6590384615384616 0.6352489754098362 0.6606381578947369 0.6488555327868852 0.661918016194332 0.6618145491803279 0.6641578947368421 0.6741260245901639 0.6673572874493927 0.6883811475409837 0.671837044534413 0.7032838114754099 0.6753567813765182 0.716891393442623 0.6772763157894737 0.7317940573770492 0.671837044534413 0.7330901639344262 0.6644777327935223 0.7272581967213114 0.6580789473684211 0.716891393442623 0.6503997975708502 0.7019877049180328 0.6443203441295546 0.6844928278688525 0.6385612348178138 0.6624631147540984 0.6324817813765182 0.6378401639344262 0.6267226720647773 0.6216413934426229 0.6216032388663968 0.6158094262295082 0.6190435222672065 0.5983145491803279 0.6200035425101215 0.5853555327868852
0 0.583128036437247 0.4957202868852459 0.5872074898785424 0.4580532786885246 0.5894473684210526 0.436671106557377 0.5932869433198381 0.4101045081967213 0.5996857287449393 0.3815942622950819 0.6083248987854251 0.36474795081967215 0.6163238866396761 0.34854918032786886 0.6211234817813764 0.39390573770491805 0.6217631578947369 0.4405584016393443 0.6169635627530364 0.4852674180327869 0.6112044534412956 0.5377520491803278 0.6032054655870445 0.5584866803278689 0.5968061740890688 0.5565430327868853 0.5904068825910931 0.5442315573770491 0.5865673076923077 0.5325686475409837 0.5827282388663968 0.5234969262295082 0.5804883603238867 0.5034108606557377 0.5846477732793521 0.4956352459016394
0 0.6038451417004049 0.4859159836065574 0.6035253036437247 0.5189620901639345 0.6044853238866397 0.5396967213114754 0.6121644736842105 0.542936475409836 0.6243228744939271 0.5520071721311476 0.6348815789473684 0.5571915983606557 0.6403208502024291 0.541640368852459 0.6390409919028339 0.520905737704918 0.6371214574898786 0.4943391393442623 0.6371214574898786 0.4755481557377049 0.6361614372469636 0.44639036885245903 0.6361614372469636 0.41464036885245903 0.6377611336032388 0.3887223360655737 0.6358415991902834 0.36474795081967215 0.6233628542510122 0.3764108606557377 0.6156837044534412 0.404921106557377 0.6105647773279352 0.44120696721311475 0.6054453441295546 0.4716608606557377 0.6041654858299594 0.48656352459016394
0 0.6352014170040485 0.4956352459016394 0.6358415991902834 0.5157223360655738 0.6374412955465587 0.531921106557377 0.6441604251012146 0.5403442622950819 0.6534392712550607 0.5448801229508197 0.6623982793522266 0.5442315573770491 0.6687975708502025 0.5260891393442623 0.6668775303643725 0.5144262295081967 0.6620784412955466 0.487859631147541 0.6591983805668016 0.4541659836065574 0.6556791497975709 0.4224159836065574 0.6547191295546558 0.392609631147541 0.6547191295546558 0.3660440573770492 0.6476801619433199 0.3628032786885246 0.6396811740890688 0.37576331967213117 0.6374412955465587 0.3971454918032787 0.6371214574898786 0.4211198770491803 0.6361614372469636 0.4425030737704918 0.6355212550607288 0.4664774590163934 0.6358415991902834 0.4852674180327869
0 0.6663178137651822 0.46495081967213114 0.6620784412955466 0.48915573770491805 0.6630379554655871 0.5034108606557377 0.6675177125506073 0.520905737704918 0.6729569838056679 0.5260891393442623 0.6815956477732794 0.5286813524590165 0.6863952429149798 0.5286813524590165 0.6963137651821862 0.5247930327868853 0.7055926113360323 0.5234969262295082 0.7097525303643725 0.5150737704918033 0.7097525303643725 0.49498668032786886 0.7081523279352226 0.4787879098360656 0.7052727732793522 0.4638852459016394 0.7020733805668017 0.44963012295081967 0.7001533400809716 0.4379672131147541 0.6969539473684211 0.4211198770491803 0.694714068825911 0.4062172131147541 0.6931143724696357 0.3906659836065574 0.6895946356275303 0.36345184426229504 0.6847955465587044 0.34595696721311475 0.6793562753036436 0.341421106557377 0.6719969635627531 0.3420686475409836 0.6659175101214575 0.35502868852459013 0.664957995951417 0.3744672131147541 0.664957995951417 0.3990891393442623 0.6665576923076922 0.4165840163934426 0.6671973684210527 0.4399108606557377 0.6671973684210527 0.45740573770491805
0 0.7116720647773279 0.4535174180327869 0.7116720647773279 0.4800840163934426 0.712951923076923 0.4923954918032787 0.7183911943319837 0.5053545081967213 0.7260703441295546 0.5092418032786885 0.7324696356275303 0.5047069672131147 0.7382287449392713 0.5001711065573771 0.7462277327935223 0.5008186475409836 0.7519873481781376 0.4872120901639344 0.7523071862348178 0.4774918032786885 0.7519873481781376 0.4651813524590164 0.7449478744939272 0.436671106557377 0.7411082995951417 0.41788012295081967 0.737589068825911 0.3887223360655737 0.7337494939271254 0.36409938524590163 0.7302297570850202 0.3453084016393443 0.7231907894736842 0.32975819672131146 0.7174311740890689 0.3265184426229508 0.7071928137651822 0.3342940573770492 0.7071928137651822 0.35438012295081966 0.7087925101214575 0.3815942622950819 0.7113522267206478 0.4088084016393443 0.711991902834008 0.43019159836065574 0.711991902834008 0.4444467213114754
0 0.7543066801619434 0.4204149590163934 0.751507085020243 0.43895184426229505 0.7521472672064777 0.4545030737704918 0.7569463562753037 0.47134938524590164 0.7636654858299595 0.47912499999999997 0.7719848178137652 0.47912499999999997 0.7831831983805667 0.47588524590163933 0.7921422064777327 0.47394159836065575 0.7979013157894737 0.46486987704918037 0.7988613360323886 0.45061475409836066 0.7931022267206478 0.4324723360655738 0.7876624493927126 0.4182172131147541 0.785423076923077 0.4078504098360656 0.7831831983805667 0.3864672131147541 0.7825435222672065 0.36314036885245904 0.7803036437246964 0.34888627049180326 0.7758238866396762 0.3346311475409836 0.7719848178137652 0.3326864754098361 0.7691047570850202 0.33851844262295083 0.7671852226720648 0.3534211065573771 0.7655855263157895 0.36314036885245904 0.7579063765182187 0.3527735655737705 0.7550268218623482 0.3352786885245902 0.7505470647773279 0.3313913934426229 0.7444681174089068 0.3456454918032787 0.7451077935222673 0.35990061475409835 0.7473476720647774 0.3748043032786886 0.7495875506072874 0.3955389344262295 0.7521472672064777 0.40849795081967216 0.7534271255060728 0.4162735655737705 0.7543866396761133 0.4195133196721311
0 0.8178987854251012 0.5402561475409836 0.8083800607287449 0.5338483606557376 0.7991012145748987 0.5286649590163934 0.7907823886639677 0.5241290983606558 0.7815035425101214 0.518297131147541 0.7741442307692308 0.5150573770491803 0.7658254048582995 0.5105225409836065 0.7565465587044534 0.5163534836065574 0.7555865384615384 0.5228329918032787 0.7546265182186235 0.5286649590163934 0.753667004048583 0.5364405737704918 0.752706983805668 0.5468073770491803 0.7543066801619434 0.5565266393442623 0.7562267206477733 0.563654713114754 0.7546265182186235 0.5701342213114754 0.7517469635627531 0.5798534836065574 0.7514271255060728 0.5934610655737704 0.753667004048583 0.603827868852459 0.7581462550607287 0.612251024590164 0.76646508097166 0.614843237704918 0.778623987854251 0.612251024590164 0.7891826923076923 0.6116034836065574 0.7991012145748987 0.6083637295081967 0.8067803643724697 0.6031803278688525 0.8125394736842105 0.5986444672131148 0.8157393724696357 0.5947561475409836 0.8147793522267206 0.5863329918032787 0.8010212550607287 0.5753176229508197 0.8000612348178138 0.5720778688524589 0.8026209514170041 0.5610625 0.8077403846153847 0.5571752049180327 0.8125394736842105 0.5565266393442623 0.8163790485829959 0.5539354508196721 0.8179787449392713 0.5487520491803278
0 0.6944741902834007 0.7139805327868852 0.6823157894736842 0.6867663934426229 0.6775161943319837 0.6718637295081967 0.6736766194331983 0.6543688524590163 0.6717570850202429 0.6375215163934427 0.6682373481781376 0.6239149590163935 0.662798076923077 0.6128995901639345 0.6576786437246964 0.6031803278688525 0.6528795546558704 0.5941086065573771 0.6496796558704454 0.5856854508196722 0.6461604251012146 0.5785573770491803 0.6448805668016195 0.5701342213114754 0.6461604251012146 0.5604149590163935 0.6471199392712551 0.5552315573770491 0.6503198380566801 0.5481034836065574 0.6563987854251012 0.5461598360655738 0.6605581983805667 0.5487520491803278 0.6650379554655871 0.5455122950819672 0.6717570850202429 0.5383842213114753 0.6759164979757085 0.5364405737704918 0.6816756072874494 0.5364405737704918 0.68679504048583 0.5370881147540983 0.6922343117408907 0.5442161885245901 0.6957540485829959 0.5468073770491803 0.6979939271255061 0.5552315573770491 0.7002332995951417 0.5675420081967214 0.702793016194332 0.5850368852459016 0.7034331983805667 0.5960522540983606 0.7043932186234818 0.6070676229508197 0.705992914979757 0.6187315573770491 0.7088724696356276 0.6329856557377049 0.711752024291498 0.6524252049180328 0.7133517206477733 0.664735655737705 0.7155915991902834 0.6789907786885246 0.7162312753036437 0.6874149590163935 0.7165516194331983 0.6951905737704918 0.7165516194331983 0.7062049180327868 0.7120718623481782 0.7094446721311476 0.7095121457489879 0.7068534836065574 0.7069524291497976 0.6964856557377049 0.7053527327935223 0.6887100409836066 0.7031133603238867 0.6751034836065574 0.7005536437246964 0.6621444672131148 0.6979939271255061 0.6543688524590163 0.6954342105263158 0.645297131147541 0.6874352226720648 0.6329856557377049 0.685835020242915 0.6491854508196722 0.688074898785425 0.6699200819672131 0.6906346153846153 0.6789907786885246 0.6935141700404859 0.6900061475409837 0.694794028340081 0.7003739754098361
0 0.6973537449392713 0.5338483606557376 0.7091923076923077 0.5260727459016393 0.7165516194331983 0.5247776639344263 0.72967004048583 0.5170020491803279 0.7386285425101214 0.5189456967213114 0.7431082995951417 0.5247776639344263 0.745668016194332 0.5474559426229508 0.7459878542510121 0.5649508196721312 0.7511072874493928 0.5889252049180328 0.752706983805668 0.6128995901639345 0.7549468623481782 0.6401137295081967 0.7578264170040485 0.655016393442623 0.7591062753036437 0.6679754098360655 0.7543066801619434 0.6712151639344263 0.7488674089068825 0.6517766393442623 0.7418284412955466 0.6342817622950819 0.7389488866396762 0.6310420081967214 0.736709008097166 0.6433534836065574 0.7399084008097165 0.6634405737704918 0.7402287449392713 0.6731598360655738 0.7344691295546558 0.6809354508196721 0.7274301619433199 0.6556649590163934 0.7242302631578947 0.6420573770491803 0.7200708502024291 0.6310420081967214 0.714951923076923 0.6180829918032787 0.7063127530364373 0.5928125000000001 0.7002332995951417 0.583093237704918 0.6976735829959515 0.5766137295081967 0.6951138663967612 0.5733739754098361 0.6906346153846153 0.5604149590163935 0.6938345141700405 0.5422715163934426